1.18888
1.13653
1.03012
0.997085
0.979878
0.916582
0.878779
0.832684
0.790262
0.754292
0.716662
0.680202
0.649284
0.618152
0.587415
0.559049
0.532985
0.507443
0.482609
0.459069
0.437623
0.416816
0.396713
0.377354
0.359274
0.34233
0.326012
0.310331
0.295287
0.281018
0.267746
0.255007
0.242795
0.231102
0.219916
0.209363
0.199431
0.189923
0.180828
0.172134
0.163828
0.155912
0.148508
0.14143
0.134667
0.128207
0.122041
0.116156
0.104762
0.114293
0.0619846
0.0254074
0.0259741
0.0152512
0.017688
0.0147761
0.0149966
0.0146265
0.0143965
0.0128158
0.0118769
0.0116368
0.0113833
0.0102961
0.0103295
0.00975478
0.00888777
0.00908664
0.00908773
0.00841128
0.00828229
0.00789413
0.00758127
0.00721019
0.00706973
0.00680581
0.00674742
0.00636752
0.00623124
0.00656968
0.00556138
0.00542417
0.00555203
0.00554525
0.0056265
0.00575055
0.00515923
0.00474581
0.00460011
0.00494151
0.00585554
0.00622391
0.00638912
0.00660024
0.00689805
0.00682346
0.00633674
0.00573879
0.00484122
0.00435142
0.00429538
0.00318167
0.00326226
0.0033683
0.00311675
0.00266344
0.00247908
0.00247171
0.00221863
0.00177998
0.00166827
0.00157657
0.00152518
0.0015011
0.00126294
0.00120523
0.00133928
0.00136089
0.00114821
0.000910779
0.000905523
0.000973345
0.000885394
0.000807805
0.000717468
0.000701938
0.000678095
0.000593911
0.000579445
0.000519872
0.000482342
0.000471106
0.000453657
0.000437575
0.000432848
0.000372618
0.000342665
0.000333948
0.000352573
0.000382762
0.000404473
0.000402324
0.000384823
0.000366515
0.000359281
0.000363051
0.000342746
0.000317992
0.000296415
0.000274639
0.000249271
0.000223242
0.000200517
0.000197827
0.000191081
0.000180936
0.000171082
0.000160878
0.000152917
0.00015918
0.000157528
0.000142819
0.000128599
0.000135631
0.000137197
0.000126601
0.000116201
0.000116942
0.000115864
0.000108552
0.000102097
0.000103224
0.000100579
9.1534e-05
9.43077e-05
9.22635e-05
8.9959e-05
9.02731e-05
8.84641e-05
8.60525e-05
8.24153e-05
7.54666e-05
7.45374e-05
7.12205e-05
7.07782e-05
6.83142e-05
6.44484e-05
6.3359e-05
6.18608e-05
6.2156e-05
6.3383e-05
5.9591e-05
5.69063e-05
5.57184e-05
5.50508e-05
5.72579e-05
5.35415e-05
4.60262e-05
4.904e-05
4.7903e-05
4.38283e-05
4.27844e-05
4.23788e-05
4.00823e-05
3.82532e-05
3.90849e-05
3.79498e-05
3.56053e-05
3.31576e-05
3.35141e-05
3.35248e-05
3.36165e-05
3.10597e-05
3.00043e-05
2.91482e-05
2.92366e-05
2.92672e-05
2.83442e-05
2.61013e-05
2.64022e-05
2.62944e-05
2.56055e-05
2.4919e-05
2.28405e-05
2.24911e-05
2.27029e-05
2.21993e-05
2.0961e-05
2.13307e-05
2.12568e-05
2.12034e-05
2.25692e-05
2.40249e-05
2.51342e-05
2.57335e-05
2.58489e-05
2.56071e-05
2.53037e-05
2.53009e-05
2.5631e-05
2.58371e-05
2.53878e-05
2.24075e-05
2.06051e-05
1.91657e-05
1.82527e-05
1.76487e-05
1.69459e-05
1.58571e-05
1.43566e-05
1.26166e-05
1.20237e-05
1.10277e-05
9.72662e-06
