        0         0         0         0         0         0         0         0         0         0         0         0         0         0         0         0         0         0         0         0         0         0         0         0         0         0         0         0         0         0         0         0         0         0         0         0         0         0         0         0         0         0         0         0         0         0         0         0         0         0
0.0204072 0.0204092 0.0204077 0.0204084 0.0204092 0.0204082   0.02041 0.0204082  0.020408 0.0204076 0.0204071 0.0204087 0.0204076 0.0204083  0.020409  0.020408 0.0204084 0.0204077 0.0204076 0.0204082 0.0204082 0.0204086  0.020408 0.0204076 0.0204079 0.0204081 0.0204081 0.0204085 0.0204078 0.0204074 0.0204082 0.0204078 0.0204081  0.020408 0.0204075 0.0204138 0.0204061 0.0204067 0.0204096 0.0204065  0.020409  0.020407 0.0204091 0.0204076  0.020408 0.0204085 0.0204071 0.0204091 0.0204073 0.0204072
0.0408162 0.0408162 0.0408174 0.0408164 0.0408183 0.0408177 0.0408174 0.0408172 0.0408148 0.0408155 0.0408156 0.0408165 0.0408165 0.0408159 0.0408178  0.040816 0.0408151 0.0408167 0.0408157 0.0408163 0.0408169 0.0408156 0.0408163 0.0408158 0.0408156 0.0408169 0.0408156  0.040816  0.040816 0.0408155 0.0408159  0.040816 0.0408157 0.0408153 0.0408215 0.0408209 0.0408112 0.0408177 0.0408145  0.040817 0.0408152 0.0408168 0.0408153 0.0408172 0.0408148 0.0408171 0.0408156 0.0408165 0.0408161 0.0408162
0.0612241 0.0612255 0.0612254  0.061226 0.0612264 0.0612263 0.0612258 0.0612239  0.061223 0.0612233 0.0612248 0.0612248 0.0612241 0.0612246 0.0612251 0.0612239  0.061224 0.0612249 0.0612237 0.0612243 0.0612245 0.0612237 0.0612248 0.0612239 0.0612238 0.0612241 0.0612236 0.0612244 0.0612236  0.061224 0.0612232 0.0612235 0.0612236 0.0612285 0.0612296 0.0612254 0.0612218 0.0612232  0.061225 0.0612233 0.0612248 0.0612235 0.0612244 0.0612243 0.0612242 0.0612242 0.0612239 0.0612249 0.0612243 0.0612241
0.0816333 0.0816333 0.0816351 0.0816335 0.0816356 0.0816338 0.0816331 0.0816318 0.0816308 0.0816332 0.0816331 0.0816321 0.0816318 0.0816327 0.0816334 0.0816321 0.0816327 0.0816328 0.0816312 0.0816327 0.0816326  0.081632  0.081633 0.0816315 0.0816319  0.081632 0.0816319  0.081632 0.0816317 0.0816315 0.0816309 0.0816319 0.0816351 0.0816381 0.0816331 0.0816366 0.0816272 0.0816339 0.0816307 0.0816334 0.0816309 0.0816334 0.0816307 0.0816339 0.0816306 0.0816338 0.0816313 0.0816339 0.0816329 0.0816333
 0.102043  0.102041  0.102043  0.102042  0.102042  0.102043   0.10204   0.10204   0.10204  0.102042  0.102041  0.102039  0.102041  0.102042   0.10204  0.102041  0.102041   0.10204   0.10204  0.102041   0.10204  0.102041   0.10204   0.10204   0.10204  0.102039  0.102041  0.102039   0.10204   0.10204  0.102039  0.102043  0.102046  0.102041  0.102044  0.102043  0.102036  0.102042  0.102039  0.102041  0.102039  0.102041  0.102039  0.102041   0.10204  0.102041  0.102041  0.102041  0.102042  0.102043
 0.122451   0.12245  0.122451   0.12245  0.122451   0.12245  0.122449  0.122448  0.122448   0.12245  0.122448  0.122447  0.122449   0.12245  0.122448  0.122449  0.122449  0.122448  0.122449  0.122449  0.122448  0.122449  0.122448  0.122448  0.122448  0.122447  0.122448  0.122447  0.122448  0.122447   0.12245  0.122453   0.12245  0.122451  0.122451  0.122451  0.122445  0.122449  0.122448  0.122449  0.122448  0.122449  0.122448  0.122449  0.122448   0.12245  0.122449   0.12245   0.12245  0.122451
 0.142859  0.142857  0.142859   0.14286  0.142859  0.142859  0.142855  0.142857  0.142857  0.142858  0.142857  0.142855  0.142858  0.142857  0.142856  0.142858  0.142857  0.142856  0.142857  0.142856  0.142857  0.142857  0.142856  0.142857  0.142855  0.142856  0.142856  0.142855  0.142855  0.142857  0.142862  0.142858  0.142859  0.142859  0.142858   0.14286  0.142851  0.142858  0.142854  0.142858  0.142855  0.142858  0.142856  0.142858  0.142857  0.142858  0.142859  0.142857  0.142859  0.142859
 0.163266  0.163267  0.163267  0.163269  0.163267  0.163266  0.163264  0.163265  0.163267  0.163265  0.163264  0.163264  0.163265  0.163265  0.163265  0.163266  0.163265  0.163264  0.163265  0.163264  0.163265  0.163264  0.163264  0.163264  0.163264  0.163264  0.163263  0.163263  0.163265  0.163269  0.163267  0.163265  0.163268  0.163266  0.163268  0.163266  0.163261  0.163265  0.163264  0.163265  0.163264  0.163266  0.163265  0.163266  0.163267  0.163266  0.163266  0.163265  0.163266  0.163266
 0.183675  0.183675  0.183676  0.183676  0.183675  0.183673  0.183672  0.183674  0.183675  0.183673  0.183672  0.183673  0.183673  0.183673  0.183673  0.183673  0.183673  0.183673  0.183673  0.183672  0.183672  0.183672  0.183672  0.183672  0.183672  0.183671  0.183671  0.183673  0.183677  0.183675  0.183673  0.183676  0.183673  0.183676  0.183674  0.183676  0.183668  0.183674  0.183671  0.183675  0.183672  0.183675  0.183673  0.183675  0.183673  0.183674  0.183674  0.183674  0.183675  0.183675
 0.204084  0.204084  0.204084  0.204084  0.204082  0.204081  0.204081  0.204082  0.204083   0.20408  0.204081  0.204082  0.204081  0.204081  0.204081  0.204081  0.204081  0.204081   0.20408   0.20408   0.20408   0.20408   0.20408   0.20408   0.20408  0.204079   0.20408  0.204084  0.204083  0.204081  0.204084  0.204082  0.204083  0.204083  0.204083  0.204084  0.204076  0.204083  0.204079  0.204083  0.204081  0.204083  0.204082  0.204082  0.204082  0.204081  0.204083  0.204082  0.204084  0.204084
 0.224492  0.224493  0.224492  0.224492   0.22449  0.224489   0.22449  0.224491  0.224491  0.224489  0.224489   0.22449  0.224488  0.224489   0.22449  0.224489  0.224489  0.224489  0.224488  0.224489  0.224488  0.224488  0.224488  0.224487  0.224488  0.224488  0.224491  0.224492  0.224489  0.224491   0.22449   0.22449  0.224491   0.22449  0.224492  0.224491  0.224486  0.224491  0.224489  0.224491   0.22449  0.224491   0.22449   0.22449   0.22449   0.22449  0.224491  0.224491  0.224491  0.224492
   0.2449  0.244901  0.244901  0.244899  0.244897  0.244897  0.244899  0.244899  0.244898  0.244897  0.244897  0.244898  0.244897  0.244897  0.244897  0.244897  0.244897  0.244897  0.244896  0.244896  0.244896  0.244896  0.244896  0.244895  0.244896  0.244899    0.2449  0.244897  0.244898  0.244899  0.244898    0.2449  0.244897    0.2449  0.244899  0.244901  0.244893  0.244901  0.244896    0.2449  0.244897  0.244899  0.244897  0.244898  0.244899  0.244898    0.2449  0.244898    0.2449    0.2449
 0.265309   0.26531  0.265308  0.265307  0.265305  0.265306  0.265308  0.265306  0.265306  0.265306  0.265306  0.265306  0.265305  0.265305  0.265306  0.265305  0.265305  0.265305  0.265304  0.265305  0.265304  0.265303  0.265304  0.265304  0.265307  0.265308  0.265305  0.265306  0.265307  0.265305  0.265307  0.265306  0.265307  0.265307  0.265308  0.265309  0.265303  0.265308  0.265305  0.265306  0.265306  0.265306  0.265307  0.265306  0.265308  0.265306  0.265308  0.265308  0.265309  0.265309
 0.285717  0.285717  0.285715  0.285714  0.285714  0.285714  0.285715  0.285715  0.285714  0.285714  0.285714  0.285714  0.285713  0.285713  0.285714  0.285712  0.285713  0.285713  0.285712  0.285713  0.285712  0.285711  0.285712  0.285714  0.285717  0.285714  0.285713  0.285715  0.285713  0.285715  0.285714  0.285715  0.285715  0.285716  0.285717  0.285717  0.285711  0.285716  0.285713  0.285714  0.285714  0.285715  0.285715  0.285714  0.285715  0.285715  0.285716  0.285717  0.285717  0.285717
 0.306125  0.306125  0.306123  0.306122  0.306122  0.306122  0.306123  0.306123  0.306122  0.306122  0.306122  0.306122  0.306121  0.306121  0.306121  0.306121  0.306121  0.306121   0.30612   0.30612   0.30612   0.30612  0.306121  0.306125  0.306122  0.306121  0.306123  0.306121  0.306123  0.306122  0.306123  0.306124  0.306124  0.306125  0.306125  0.306125  0.306118  0.306124  0.306121  0.306123  0.306123  0.306123  0.306123  0.306122  0.306124  0.306123  0.306125  0.306125  0.306125  0.306125
 0.326533  0.326533  0.326531   0.32653  0.326531   0.32653  0.326532  0.326531   0.32653   0.32653   0.32653   0.32653  0.326529   0.32653  0.326529  0.326529  0.326529  0.326528  0.326529  0.326528  0.326528   0.32653  0.326532  0.326532  0.326529  0.326531   0.32653   0.32653  0.326531   0.32653  0.326532  0.326531  0.326534  0.326532  0.326533  0.326532  0.326527  0.326531  0.326531  0.326531  0.326531   0.32653  0.326532   0.32653  0.326532  0.326532  0.326532  0.326534  0.326533  0.326533
 0.346941   0.34694  0.346939  0.346938  0.346939  0.346939  0.346939   0.34694  0.346938  0.346939  0.346939  0.346937  0.346938  0.346937  0.346936  0.346937  0.346937  0.346936  0.346937  0.346935  0.346937   0.34694  0.346939  0.346937  0.346938  0.346939  0.346937  0.346939  0.346938   0.34694   0.34694  0.346941   0.34694   0.34694   0.34694  0.346941  0.346935   0.34694  0.346938  0.346939  0.346939  0.346939   0.34694  0.346939  0.346939   0.34694   0.34694  0.346942  0.346941  0.346941
 0.367348  0.367348  0.367348  0.367346  0.367346  0.367347  0.367348  0.367347  0.367346  0.367347  0.367347  0.367345  0.367346  0.367345  0.367344  0.367345  0.367344  0.367344  0.367345  0.367345  0.367348  0.367348  0.367345  0.367346  0.367347  0.367345  0.367347  0.367347  0.367347  0.367349  0.367348  0.367349  0.367348  0.367349  0.367348   0.36735  0.367344  0.367348  0.367346  0.367347  0.367348  0.367347  0.367348  0.367347  0.367348  0.367349  0.367349   0.36735  0.367349  0.367348
 0.387757  0.387756  0.387756  0.387754  0.387755  0.387756  0.387756  0.387755  0.387754  0.387755  0.387754  0.387753  0.387754  0.387753  0.387752  0.387753  0.387752  0.387752  0.387753  0.387755  0.387756  0.387753  0.387754  0.387755  0.387754  0.387755  0.387755  0.387756  0.387756  0.387756  0.387757  0.387756  0.387757  0.387757  0.387758  0.387757  0.387752  0.387755  0.387756  0.387755  0.387756  0.387754  0.387756  0.387756  0.387757  0.387757  0.387757  0.387758  0.387757  0.387757
 0.408165  0.408163  0.408164  0.408162  0.408163  0.408164  0.408163  0.408163  0.408163  0.408163  0.408162  0.408161  0.408162  0.408161   0.40816  0.408161   0.40816  0.408161  0.408163  0.408164  0.408162  0.408161  0.408163  0.408162  0.408163  0.408164  0.408164  0.408165  0.408164  0.408164  0.408163  0.408165  0.408165  0.408166  0.408165  0.408165   0.40816  0.408164  0.408163  0.408163  0.408164  0.408163  0.408165  0.408164  0.408165  0.408166  0.408166  0.408165  0.408164  0.408165
 0.428572  0.428572  0.428571   0.42857  0.428571  0.428573  0.428571   0.42857  0.428571  0.428571   0.42857   0.42857  0.428569  0.428569  0.428569  0.428568  0.428569   0.42857  0.428572  0.428571  0.428569  0.428571  0.428571   0.42857  0.428573  0.428572  0.428573  0.428572  0.428572  0.428572  0.428573  0.428573  0.428573  0.428573  0.428573  0.428574  0.428569  0.428572  0.428572  0.428571  0.428573  0.428571  0.428573  0.428572  0.428573  0.428574  0.428573  0.428573  0.428572  0.428572
 0.448981  0.448979  0.448979  0.448978   0.44898   0.44898  0.448979  0.448979  0.448979  0.448978  0.448978  0.448978  0.448977  0.448977  0.448977  0.448976  0.448978   0.44898  0.448979  0.448978  0.448979  0.448979  0.448979   0.44898   0.44898   0.44898   0.44898  0.448979  0.448981   0.44898  0.448981   0.44898  0.448981  0.448981  0.448982  0.448981  0.448977  0.448979  0.448981  0.448979  0.448981  0.448979  0.448981  0.448981  0.448981  0.448982  0.448981  0.448981  0.448981  0.448981
 0.469389  0.469387  0.469387  0.469387  0.469387  0.469388  0.469387  0.469386  0.469387  0.469386  0.469386  0.469386  0.469385  0.469385  0.469385  0.469385  0.469388  0.469388  0.469386  0.469387  0.469388  0.469387  0.469389  0.469388  0.469388  0.469388  0.469388  0.469389  0.469389  0.469389  0.469388  0.469389  0.469389   0.46939   0.46939   0.46939  0.469385  0.469388  0.469389  0.469387  0.469389  0.469388  0.469389   0.46939  0.469389   0.46939  0.469389  0.469389  0.469389  0.469389
 0.489797  0.489795  0.489794  0.489795  0.489796  0.489796  0.489795  0.489795  0.489795  0.489794  0.489794  0.489794  0.489793  0.489793  0.489794  0.489795  0.489797  0.489794  0.489794  0.489797  0.489795  0.489797  0.489797  0.489795  0.489796  0.489796  0.489797  0.489797  0.489797  0.489796  0.489797  0.489797  0.489798  0.489797  0.489798  0.489798  0.489794  0.489795  0.489797  0.489795  0.489798  0.489796  0.489797  0.489798  0.489798  0.489798  0.489797  0.489797  0.489797  0.489797
 0.510205  0.510203  0.510203  0.510204  0.510204  0.510203  0.510203  0.510203  0.510203  0.510202  0.510202  0.510202  0.510201  0.510201  0.510204  0.510204  0.510203  0.510202  0.510204  0.510205  0.510204  0.510205  0.510203  0.510204  0.510204  0.510205  0.510205  0.510204  0.510205  0.510205  0.510205  0.510205  0.510206  0.510206  0.510206  0.510206  0.510202  0.510204  0.510205  0.510204  0.510205  0.510205  0.510205  0.510207  0.510205  0.510206  0.510205  0.510205  0.510205  0.510205
 0.530613  0.530611   0.53061  0.530612  0.530612  0.530611  0.530611  0.530611  0.530611   0.53061   0.53061   0.53061  0.530609  0.530611  0.530613  0.530611   0.53061  0.530612  0.530613  0.530612  0.530613  0.530612  0.530612  0.530613  0.530612  0.530613  0.530612  0.530613  0.530613  0.530614  0.530612  0.530614  0.530614  0.530614  0.530614  0.530615   0.53061  0.530612  0.530613  0.530612  0.530613  0.530614  0.530613  0.530614  0.530614  0.530614  0.530614  0.530613  0.530613  0.530613
  0.55102  0.551019  0.551019   0.55102   0.55102  0.551019  0.551019  0.551019  0.551019  0.551018  0.551018  0.551018  0.551019  0.551021   0.55102  0.551019   0.55102  0.551021   0.55102   0.55102   0.55102   0.55102  0.551021   0.55102  0.551021   0.55102  0.551021  0.551021  0.551021  0.551021  0.551021  0.551022  0.551022  0.551022  0.551022  0.551023  0.551019  0.551019  0.551022   0.55102  0.551022  0.551022  0.551022  0.551022  0.551021  0.551022  0.551022  0.551021   0.55102   0.55102
 0.571428  0.571427  0.571427  0.571428  0.571428  0.571427  0.571427  0.571427  0.571426  0.571426  0.571426  0.571427  0.571429  0.571429  0.571427  0.571429  0.571429  0.571428  0.571428  0.571428  0.571428  0.571429  0.571428  0.571428  0.571429  0.571429  0.571429  0.571429  0.571429   0.57143   0.57143  0.571429   0.57143   0.57143  0.571431   0.57143  0.571428  0.571428   0.57143  0.571428   0.57143   0.57143   0.57143   0.57143  0.571429   0.57143   0.57143  0.571429  0.571428  0.571428
 0.591835  0.591835  0.591835  0.591836  0.591836  0.591834  0.591835  0.591835  0.591834  0.591834  0.591835  0.591836  0.591838  0.591837  0.591836  0.591838  0.591836  0.591835  0.591837  0.591836  0.591837  0.591837  0.591836  0.591837  0.591837  0.591837  0.591837  0.591838  0.591837  0.591838  0.591837  0.591838  0.591838  0.591838  0.591838  0.591839  0.591836  0.591836  0.591838  0.591837  0.591838  0.591838  0.591838  0.591838  0.591838  0.591837  0.591838  0.591837  0.591836  0.591835
 0.612243  0.612243  0.612243  0.612244  0.612244  0.612242  0.612243  0.612243  0.612241  0.612243  0.612245  0.612246  0.612246  0.612244  0.612245  0.612245  0.612243  0.612245  0.612245  0.612245  0.612245  0.612244  0.612246  0.612245  0.612245  0.612245  0.612246  0.612245  0.612246  0.612245  0.612247  0.612246  0.612246  0.612246  0.612247  0.612247  0.612244  0.612244  0.612247  0.612245  0.612246  0.612247  0.612246  0.612246  0.612246  0.612246  0.612246  0.612245  0.612243  0.612243
 0.632651  0.632651  0.632652  0.632652  0.632651   0.63265  0.632651  0.632651   0.63265  0.632653  0.632654  0.632654  0.632654  0.632653  0.632653  0.632652  0.632653  0.632653  0.632652  0.632653  0.632653  0.632654  0.632653  0.632653  0.632654  0.632653  0.632653  0.632653  0.632654  0.632654  0.632654  0.632654  0.632655  0.632654  0.632655  0.632655  0.632653  0.632652  0.632654  0.632654  0.632654  0.632655  0.632653  0.632654  0.632654  0.632654  0.632654  0.632652  0.632651  0.632651
 0.653059  0.653059   0.65306   0.65306  0.653059  0.653058  0.653059  0.653059   0.65306  0.653063  0.653063  0.653061  0.653061  0.653061   0.65306  0.653061  0.653062   0.65306  0.653061  0.653061  0.653061  0.653062  0.653061  0.653062  0.653061  0.653062  0.653061  0.653062  0.653062  0.653062  0.653062  0.653063  0.653062  0.653063  0.653063  0.653063  0.653061   0.65306  0.653062  0.653062  0.653062  0.653063  0.653062  0.653062  0.653062  0.653061  0.653062   0.65306  0.653059  0.653059
 0.673467  0.673467  0.673468  0.673468  0.673467  0.673467  0.673467  0.673468   0.67347  0.673472   0.67347  0.673468   0.67347  0.673469  0.673469   0.67347  0.673469  0.673469  0.673469  0.673469  0.673469  0.673469   0.67347  0.673469   0.67347   0.67347   0.67347   0.67347   0.67347   0.67347   0.67347  0.673471  0.673471  0.673471  0.673471  0.673471  0.673469  0.673468  0.673471   0.67347   0.67347  0.673471   0.67347   0.67347  0.673471   0.67347  0.673469  0.673468  0.673467  0.673467
 0.693875  0.693876  0.693877  0.693875  0.693875  0.693875  0.693876  0.693878   0.69388  0.693878  0.693876  0.693878  0.693878  0.693877  0.693878  0.693877  0.693877  0.693878  0.693877  0.693878  0.693877  0.693878  0.693878  0.693878  0.693878  0.693878  0.693878  0.693878  0.693878  0.693878  0.693878  0.693879  0.693879  0.693879  0.693879  0.693879  0.693877  0.693877  0.693879  0.693879  0.693877  0.693879  0.693878  0.693878  0.693879  0.693877  0.693877  0.693876  0.693875  0.693875
 0.714283  0.714284  0.714284  0.714283  0.714283  0.714285  0.714286  0.714287  0.714287  0.714284  0.714285  0.714287  0.714285  0.714286  0.714286  0.714285  0.714286  0.714285  0.714285  0.714286  0.714285  0.714286  0.714286  0.714286  0.714286  0.714286  0.714286  0.714287  0.714286  0.714287  0.714286  0.714287  0.714287  0.714287  0.714287  0.714288  0.714285  0.714285  0.714287  0.714286  0.714286  0.714287  0.714286  0.714286  0.714287  0.714285  0.714285  0.714284  0.714283  0.714283
 0.734691  0.734692  0.734693  0.734691  0.734692  0.734695  0.734695  0.734695  0.734693  0.734693  0.734695  0.734694  0.734693  0.734694  0.734694  0.734693  0.734694  0.734693  0.734694  0.734693  0.734694  0.734694  0.734694  0.734694  0.734694  0.734694  0.734694  0.734694  0.734694  0.734695  0.734695  0.734695  0.734695  0.734695  0.734695  0.734695  0.734694  0.734693  0.734695  0.734695  0.734694  0.734694  0.734695  0.734694  0.734695  0.734694  0.734693  0.734692  0.734691  0.734691
 0.755099    0.7551  0.755101    0.7551  0.755102  0.755104  0.755103  0.755101  0.755102  0.755103  0.755102  0.755102  0.755102  0.755102  0.755102  0.755102  0.755102  0.755102  0.755102  0.755102  0.755103  0.755102  0.755102  0.755102  0.755103  0.755102  0.755103  0.755102  0.755103  0.755102  0.755103  0.755103  0.755103  0.755103  0.755103  0.755103  0.755102  0.755101  0.755103  0.755103  0.755102  0.755103  0.755103  0.755102  0.755102  0.755102    0.7551    0.7551  0.755099  0.755099
 0.775507  0.775508   0.77551   0.77551  0.775511  0.775512   0.77551  0.775509  0.775511   0.77551   0.77551  0.775511   0.77551   0.77551  0.775511   0.77551   0.77551   0.77551   0.77551   0.77551   0.77551   0.77551   0.77551  0.775511   0.77551  0.775511  0.775511   0.77551  0.775511  0.775511  0.775511  0.775511  0.775511  0.775511  0.775511  0.775512  0.775511  0.775509  0.775511  0.775511   0.77551  0.775511  0.775511   0.77551   0.77551  0.775509  0.775508  0.775507  0.775507  0.775507
 0.795917  0.795918  0.795919  0.795918  0.795919  0.795919  0.795918  0.795918  0.795919  0.795918  0.795919  0.795919  0.795918  0.795919  0.795918  0.795918  0.795918  0.795918  0.795918  0.795918  0.795919  0.795918  0.795918  0.795919  0.795919  0.795918  0.795919  0.795919  0.795919  0.795919  0.795919  0.795919  0.795919  0.795919   0.79592   0.79592  0.795919  0.795917  0.795919  0.795919  0.795918  0.795919  0.795919  0.795918  0.795918  0.795918  0.795916  0.795916  0.795916  0.795917
 0.816326  0.816326  0.816326  0.816327  0.816327  0.816327  0.816325  0.816327  0.816327  0.816326  0.816327  0.816326  0.816327  0.816327  0.816326  0.816327  0.816326  0.816327  0.816326  0.816326  0.816327  0.816326  0.816327  0.816327  0.816327  0.816327  0.816327  0.816327  0.816327  0.816327  0.816327  0.816327  0.816328  0.816328  0.816328  0.816328  0.816327  0.816326  0.816326  0.816327  0.816326  0.816327  0.816327  0.816326  0.816326  0.816325  0.816324  0.816324  0.816326  0.816326
 0.836734  0.836734  0.836735  0.836736  0.836735  0.836734  0.836735  0.836735  0.836734  0.836735  0.836735  0.836734  0.836735  0.836734  0.836735  0.836735  0.836734  0.836735  0.836734  0.836735  0.836734  0.836735  0.836734  0.836735  0.836735  0.836735  0.836735  0.836735  0.836735  0.836735  0.836735  0.836736  0.836735  0.836736  0.836736  0.836736  0.836735  0.836734  0.836734  0.836735  0.836734  0.836734  0.836735  0.836734  0.836734  0.836733  0.836733  0.836733  0.836734  0.836734
 0.857142  0.857143  0.857144  0.857143  0.857142  0.857143  0.857144  0.857143  0.857142  0.857144  0.857143  0.857143  0.857144  0.857143  0.857143  0.857143  0.857143  0.857143  0.857143  0.857143  0.857142  0.857143  0.857143  0.857143  0.857143  0.857143  0.857143  0.857143  0.857143  0.857143  0.857143  0.857144  0.857144  0.857144  0.857144  0.857144  0.857143  0.857142  0.857142  0.857143  0.857143  0.857142  0.857143  0.857142  0.857142  0.857142  0.857141  0.857141  0.857142  0.857142
 0.877552  0.877553  0.877551   0.87755  0.877551  0.877551  0.877551  0.877551  0.877551  0.877551  0.877551  0.877551  0.877551  0.877551  0.877551  0.877551  0.877551  0.877551  0.877551  0.877551  0.877551  0.877551  0.877551  0.877551  0.877551  0.877551  0.877551  0.877551  0.877551  0.877551  0.877552  0.877552  0.877552  0.877552  0.877552  0.877552  0.877551   0.87755   0.87755  0.877551   0.87755   0.87755  0.877551  0.877551  0.877551  0.877551  0.877549  0.877549  0.877552  0.877552
 0.897961   0.89796  0.897958  0.897959   0.89796  0.897959  0.897959   0.89796  0.897959  0.897959   0.89796  0.897959  0.897959  0.897959  0.897959  0.897959  0.897959  0.897959  0.897959  0.897959  0.897959  0.897959  0.897959  0.897959  0.897959   0.89796  0.897959  0.897959  0.897959   0.89796   0.89796   0.89796   0.89796   0.89796   0.89796   0.89796  0.897959  0.897958  0.897958  0.897959  0.897959  0.897958   0.89796   0.89796  0.897959  0.897958  0.897957  0.897959  0.897961  0.897961
 0.918369  0.918368  0.918366  0.918367  0.918368  0.918367  0.918367  0.918368  0.918367  0.918368  0.918367  0.918367  0.918368  0.918367  0.918368  0.918367  0.918367  0.918367  0.918367  0.918367  0.918367  0.918367  0.918367  0.918367  0.918367  0.918368  0.918367  0.918368  0.918368  0.918368  0.918368  0.918368  0.918368  0.918368  0.918368  0.918368  0.918367  0.918366  0.918366  0.918367  0.918367  0.918367  0.918369  0.918368  0.918366  0.918366  0.918366  0.918367  0.918369  0.918369
 0.938777  0.938775  0.938774  0.938777  0.938776  0.938775  0.938776  0.938776  0.938775  0.938776  0.938775  0.938776  0.938775  0.938776  0.938776  0.938775  0.938776  0.938775  0.938776  0.938775  0.938776  0.938775  0.938776  0.938775  0.938776  0.938776  0.938776  0.938776  0.938776  0.938776  0.938776  0.938776  0.938776  0.938776  0.938776  0.938776  0.938776  0.938774  0.938774  0.938775  0.938776  0.938776  0.938776  0.938775  0.938774  0.938775  0.938775  0.938776  0.938777  0.938777
 0.959184  0.959183  0.959184  0.959184  0.959183  0.959184  0.959184  0.959183  0.959184  0.959184  0.959183  0.959184  0.959183  0.959184  0.959183  0.959184  0.959184  0.959183  0.959184  0.959183  0.959184  0.959183  0.959184  0.959183  0.959184  0.959184  0.959184  0.959184  0.959184  0.959184  0.959184  0.959184  0.959184  0.959184  0.959184  0.959184  0.959183  0.959182  0.959182  0.959184  0.959185  0.959184  0.959183  0.959184  0.959183  0.959183  0.959184  0.959185  0.959184  0.959184
 0.979591  0.979592  0.979592  0.979592  0.979592  0.979592  0.979592  0.979592  0.979592  0.979591  0.979592  0.979592  0.979592  0.979592  0.979592  0.979592  0.979592  0.979592  0.979591  0.979592  0.979592  0.979592  0.979592  0.979592  0.979592  0.979592  0.979592  0.979592  0.979592  0.979592  0.979592  0.979592  0.979592  0.979592  0.979592  0.979592  0.979592  0.979591  0.979591  0.979593  0.979592  0.979591  0.979592  0.979592  0.979591  0.979591  0.979593  0.979592  0.979592  0.979591
        1         1         1         1         1         1         1         1         1         1         1         1         1         1         1         1         1         1         1         1         1         1         1         1         1         1         1         1         1         1         1         1         1         1         1         1         1         1         1         1         1         1         1         1         1         1         1         1         1         1
