          0           0           0           0           0           0           0           0           0           0           0           0           0           0           0           0           0           0           0           0           0           0           0           0           0           0           0           0           0           0           0           0           0           0           0           0           0           0           0           0           0           0           0           0           0           0           0           0           0           0
0.000772926 0.000751142 0.000718015 0.000674779 0.000624926 0.000569571 0.000512027 0.000448966 0.000385563 0.000325832 0.000269417 0.000219874 0.000184121 0.000153251 0.000132416 0.000120578 0.000112995 0.000116167  0.00012703  0.00014691 0.000171285 0.000201434 0.000233206 0.000264351 0.000303944 0.000343933 0.000381187 0.000415378 0.000445037 0.000472791 0.000505565 0.000530921 0.000553252 0.000573691 0.000595349  0.00061287  0.00063417 0.000654187 0.000673723 0.000695181 0.000718346 0.000737231 0.000754367 0.000770834 0.000784126 0.000792131 0.000800929 0.000798725 0.000787752 0.000772926
 0.00155505  0.00150935  0.00144201  0.00135788   0.0012572  0.00114613  0.00102686 0.000895977 0.000768445 0.000646204 0.000532132 0.000436459 0.000359447 0.000295892 0.000255183 0.000228227 0.000218984  0.00022526 0.000250697 0.000284868 0.000337271  0.00039577 0.000459076 0.000529442 0.000610522 0.000685346 0.000761419 0.000828369 0.000888712 0.000952815  0.00101045  0.00105988  0.00110354  0.00114574  0.00118668  0.00122495   0.0012636  0.00130547  0.00134711  0.00139125  0.00143498  0.00147206  0.00151007  0.00154226  0.00157196  0.00159374  0.00160844  0.00160168  0.00158669  0.00155505
 0.00235462  0.00228414  0.00218401  0.00205568  0.00190465  0.00173398  0.00154343   0.0013469   0.0011466 0.000955031 0.000783542 0.000632811 0.000514333 0.000421253 0.000357829 0.000321729 0.000309894 0.000320587 0.000354505 0.000412044 0.000489458 0.000575961  0.00067993 0.000794445  0.00091279  0.00103206   0.0011445  0.00124938  0.00134906  0.00144042  0.00152384  0.00159477  0.00166146   0.0017219  0.00178363  0.00183773  0.00189629  0.00196106  0.00202306  0.00208498  0.00215058     0.00221  0.00226626   0.0023211  0.00236741  0.00240374  0.00242581  0.00242163  0.00240086  0.00235462
 0.00318118  0.00308706  0.00295369  0.00278066  0.00257463  0.00233493  0.00207165  0.00179523  0.00151167    0.001248  0.00100728 0.000800293 0.000641492 0.000518245 0.000437406 0.000391136 0.000378133 0.000390309  0.00044121 0.000513805 0.000616776 0.000746127 0.000895882  0.00105552  0.00122041  0.00138348  0.00153826  0.00168399  0.00181484  0.00193422  0.00204284  0.00213359  0.00222275  0.00230112  0.00237744  0.00245245  0.00253292  0.00261469  0.00269525  0.00278172  0.00286894  0.00295015  0.00303085  0.00310705  0.00317498   0.0032301  0.00325947  0.00326092  0.00323989  0.00318118
 0.00404422  0.00392985  0.00376182  0.00354193  0.00327455  0.00296102  0.00261192   0.0022419  0.00186557  0.00151426  0.00119297 0.000927236 0.000726252 0.000576571 0.000480274 0.000429865 0.000412245 0.000432029 0.000489863 0.000583486 0.000728061 0.000900815  0.00110004  0.00131237  0.00152972  0.00174324   0.0019437  0.00212875  0.00229527  0.00244203  0.00256976  0.00268241  0.00278697   0.0028794  0.00297592  0.00306795  0.00316048  0.00326175  0.00336498  0.00347492  0.00358526  0.00369321  0.00380128  0.00390641  0.00399913  0.00407309  0.00411918  0.00413206  0.00411162  0.00404422
 0.00495535  0.00482413  0.00462228  0.00435605  0.00402052  0.00362174  0.00317494  0.00269214  0.00220388  0.00173956  0.00132281 0.000996959 0.000755709 0.000587448 0.000483581 0.000427636 0.000408941 0.000430315 0.000499873 0.000625578 0.000800215  0.00102811  0.00128802  0.00156733  0.00184659  0.00211704  0.00236622  0.00259611  0.00279449  0.00296195   0.0031125  0.00324016  0.00335954  0.00346931  0.00357447  0.00367841  0.00378739  0.00390529  0.00403111  0.00416463  0.00429822  0.00444006  0.00458135  0.00471616  0.00483941    0.004942  0.00501003  0.00504029  0.00502583  0.00495535
 0.00592908  0.00578609  0.00555606  0.00523753  0.00482687   0.0043352  0.00377048  0.00315342  0.00252137  0.00190758  0.00137337 0.000983825 0.000713007 0.000540679 0.000435572 0.000380453 0.000358778 0.000385757 0.000470941 0.000607649 0.000824632  0.00111646  0.00145645  0.00181644  0.00217307  0.00250813  0.00281388  0.00308586  0.00331258  0.00350361  0.00367118   0.0038127  0.00394055  0.00405737  0.00416995  0.00428672   0.0044067  0.00454118   0.0046898  0.00484617  0.00501287  0.00518966  0.00536472  0.00553696  0.00570096  0.00583693  0.00593731  0.00599425  0.00599557  0.00592908
 0.00698209  0.00683357  0.00657741  0.00620525  0.00571919   0.0051183  0.00441711  0.00363604   0.0028098  0.00199122  0.00128796 0.000846948 0.000579815 0.000422672 0.000332138  0.00028513  0.00026806 0.000299305 0.000380405 0.000516091 0.000762724  0.00115332  0.00160863  0.00207928  0.00252529   0.0029346  0.00329907   0.0036102  0.00386581  0.00407615  0.00425589  0.00440162  0.00453097  0.00464853  0.00476448  0.00488425  0.00501332  0.00516353  0.00533412  0.00552069  0.00571988   0.0059339  0.00615117   0.0063746  0.00658209  0.00676653  0.00691217  0.00700725  0.00703691  0.00698209
 0.00813191  0.00798887   0.0077116  0.00729186  0.00672117  0.00600266  0.00514375  0.00415967  0.00308299  0.00196563 0.000946668 0.000531934 0.000337061 0.000234895 0.000180747 0.000153279 0.000142312 0.000169292 0.000215643 0.000320729 0.000554192  0.00112556  0.00175278  0.00236068  0.00291785  0.00341365   0.0038347  0.00418466  0.00446599  0.00468765  0.00486749   0.0050103  0.00513245  0.00524292  0.00535193   0.0054688  0.00560512  0.00577037  0.00596286  0.00617763  0.00641132  0.00667017   0.0069434  0.00722057  0.00748925  0.00773638  0.00794221  0.00809044  0.00816112  0.00813191
 0.00939716  0.00927264   0.0089885  0.00852612  0.00787682  0.00702927  0.00599382  0.00477911  0.00339656  0.00184443           0           0           0           0           0           0           0           0           0           0           0  0.00104495  0.00191831  0.00269461  0.00337813  0.00395948  0.00444285  0.00482897  0.00512537  0.00534652  0.00551511  0.00564242  0.00574285  0.00583326  0.00592593  0.00603885   0.0061783  0.00635338   0.0065647  0.00680547  0.00708277  0.00739568  0.00772824  0.00807493  0.00842214  0.00874642  0.00903112  0.00925055  0.00938008  0.00939716
  0.0107953   0.0107159   0.0104428  0.00995423  0.00922456  0.00824598  0.00702271  0.00556034  0.00388402   0.0020188           0           0           0           0           0           0           0           0           0           0           0  0.00113788  0.00218407  0.00312266  0.00393009  0.00460315  0.00514658  0.00555744  0.00585652  0.00606313  0.00620554  0.00629691  0.00636103  0.00641759  0.00648582  0.00658444  0.00671869  0.00689783  0.00712492  0.00739863  0.00772696  0.00809651  0.00850241   0.0089362  0.00937558  0.00979901   0.0101839    0.010497   0.0107108   0.0107953
  0.0123596   0.0123533   0.0121188   0.0116187   0.0108218  0.00971104  0.00828549  0.00655733  0.00455568  0.00233991           0           0           0           0           0           0           0           0           0           0           0  0.00132478  0.00256766  0.00367885  0.00462089  0.00538798   0.0059779   0.0063965  0.00668015  0.00685158  0.00694047   0.0069769  0.00698229  0.00699082  0.00702127  0.00709281  0.00721232  0.00739088    0.007636  0.00794624  0.00832493  0.00876256  0.00925586  0.00978935   0.0103453   0.0108906   0.0114002    0.011841   0.0121744   0.0123596
  0.0141136   0.0142234   0.0140623   0.0135776     0.01273   0.0114922  0.00985204  0.00782091  0.00544001  0.00279311           0           0           0           0           0           0           0           0           0           0           0  0.00159139  0.00308241  0.00439669  0.00549414  0.00634805  0.00697082  0.00738212   0.0076203  0.00772162  0.00772839  0.00767737  0.00760504  0.00754468  0.00751916  0.00754864  0.00764574   0.0078197  0.00808013  0.00842642   0.0088593  0.00937597  0.00997027   0.0106243   0.0113162   0.0120122   0.0126851   0.0132927   0.0137838   0.0141136
  0.0160862   0.0163644    0.016322   0.0158969    0.015031   0.0136761   0.0118088  0.00943266  0.00659335  0.00339772           0           0           0           0           0           0           0           0           0           0           0  0.00195615  0.00376871  0.00533882  0.00659967  0.00753853  0.00817654  0.00854056  0.00869367  0.00868586  0.00857002  0.00840044  0.00821986  0.00806331  0.00796321  0.00793695  0.00800164  0.00816534  0.00843707  0.00881742  0.00931241  0.00991991   0.0106261   0.0114206   0.0122752   0.0131609   0.0140371   0.0148566   0.0155601   0.0160862
  0.0183113   0.0188221   0.0189668   0.0186591   0.0178182    0.016374   0.0142756   0.0115079  0.00811042  0.00420272           0           0           0           0           0           0           0           0           0           0           0  0.00245963  0.00470484   0.0065837  0.00803069   0.0090391  0.00964687  0.00991599  0.00992688  0.00975208  0.00946607  0.00913238   0.0088089  0.00853047  0.00833387  0.00823832  0.00825795  0.00840439  0.00868067  0.00909804  0.00966013   0.0103615   0.0111951   0.0121491   0.0132008   0.0143141   0.0154441   0.0165381   0.0175224   0.0183113
  0.0208151   0.0216461    0.022064   0.0219566   0.0212125   0.0197261   0.0174122   0.0142138   0.0101367  0.00530171           0           0           0           0           0           0           0           0           0           0           0  0.00317702  0.00599889  0.00826448   0.0099002   0.0109399   0.0114571   0.0115531   0.0113423   0.0109283   0.0104078  0.00985907  0.00934923   0.0089192  0.00860361  0.00842373  0.00839013   0.0085077  0.00878818  0.00924233   0.0098685   0.0106697   0.0116415   0.0127792   0.0140597   0.0154484   0.0168966   0.0183371   0.0196763   0.0208151
  0.0236186   0.0248842   0.0256895   0.0258913   0.0253445   0.0239079   0.0214372    0.017801   0.0129208   0.0068626           0           0           0           0           0           0           0           0           0           0           0  0.00423923  0.00785324   0.0105674   0.0123704   0.0133623    0.013683   0.0134989   0.0129624   0.0122128   0.0113772   0.0105494  0.00980829  0.00919379  0.00874057  0.00846312  0.00836184  0.00844922  0.00872996  0.00921189  0.00989944   0.0108012   0.0119223   0.0132625   0.0148092   0.0165301   0.0183648   0.0202346   0.0220234   0.0236186
  0.0267502   0.0285894   0.0299188   0.0305703   0.0303697   0.0291264   0.0266276   0.0226311   0.0168827  0.00923332           0           0           0           0           0           0           0           0           0           0           0  0.00592744    0.010602   0.0137876   0.0156551   0.0164461   0.0164198   0.0157993   0.0147931   0.0135867   0.0123364   0.0111603   0.0101349  0.00931065  0.00870242   0.0083163  0.00814817  0.00819922   0.0084716  0.00897359  0.00971465   0.0107108    0.011982   0.0135418   0.0153893   0.0174945   0.0198008   0.0222035   0.0245681   0.0267502
  0.0302313   0.0328036   0.0348246   0.0361051   0.0364387   0.0356024   0.0333187   0.0292129   0.0227488   0.0131855           0           0           0           0           0           0           0           0           0           0           0  0.00887029   0.0148342   0.0183319   0.0200069   0.0203561   0.0197475   0.0184851   0.0168254   0.0150079   0.0132223   0.0116134   0.0102638  0.00921022  0.00844277  0.00795136  0.00771643  0.00772895  0.00798502   0.0084938  0.00927122   0.0103466   0.0117575   0.0135373   0.0157079   0.0182641   0.0211407    0.024204   0.0273005   0.0302313
   0.034069   0.0375667   0.0404769   0.0425831   0.0436794   0.0435279   0.0418274   0.0381457   0.0317118   0.0207514           0           0           0           0           0           0           0           0           0           0           0    0.014719   0.0215371   0.0246953   0.0256903   0.0252202   0.0237327   0.0215633   0.0190235   0.0163958   0.0139261   0.0118052   0.0101033  0.00881962  0.00791093  0.00732981     0.00704   0.0070144  0.00724564  0.00774254  0.00852994  0.00965062   0.0111652   0.0131419   0.0156486   0.0187179   0.0222795   0.0261824   0.0301953    0.034069
  0.0382714   0.0429201   0.0469236    0.050074   0.0521727   0.0529938   0.0523099    0.049829   0.0451992   0.0381074   0.0292303    0.025964   0.0245467   0.0237884    0.023272   0.0228394   0.0224317   0.0220632   0.0218199   0.0219753   0.0233325   0.0284723   0.0318962   0.0332267   0.0328361   0.0311081   0.0283933   0.0250195   0.0213116   0.0176183   0.0142844   0.0115761  0.00952576  0.00805414   0.0070486  0.00641862  0.00609436   0.0060403   0.0062391  0.00669913  0.00745594  0.00856077   0.0101097   0.0122201   0.0150355   0.0186567   0.0230835   0.0280576   0.0332245   0.0382714
  0.0428838   0.0489165   0.0542294   0.0586316   0.0619297   0.0639649   0.0645865   0.0636651   0.0611549   0.0572486   0.0528446   0.0500826   0.0484315   0.0473319   0.0464609   0.0456511   0.0448272   0.0439969   0.0432394   0.0427503   0.0428805   0.0439421   0.0443441   0.0434854   0.0413155   0.0379817   0.0337187   0.0288092   0.0235852   0.0184798   0.0140173   0.0106852  0.00837292  0.00682233  0.00581528  0.00519931  0.00488208   0.0048126  0.00497044   0.0053646  0.00602729  0.00703177  0.00849473   0.0105985   0.0135943   0.0177949   0.0233529   0.0297287   0.0363836   0.0428838
  0.0479674     0.05563   0.0624622   0.0682836   0.0729476   0.0763498   0.0784076   0.0791016   0.0785062   0.0768856   0.0748197   0.0730949   0.0717617    0.070651    0.069593   0.0684753   0.0672311   0.0658578   0.0643895   0.0629072   0.0614945   0.0600699   0.0580514   0.0550561   0.0509543    0.045784   0.0396964    0.032909   0.0257426   0.0186985   0.0126183  0.00877646  0.00645573  0.00504598  0.00418575  0.00367864  0.00341846  0.00335568  0.00346636  0.00375532  0.00426001  0.00504529  0.00623962  0.00807152   0.0109531   0.0155884   0.0227876   0.0311271   0.0396935   0.0479674
  0.0536591   0.0631816   0.0717024   0.0790827   0.0852296   0.0900781   0.0936005   0.0958303   0.0968766    0.096969    0.096456   0.0957123    0.094874   0.0939198   0.0927922   0.0914233   0.0897686   0.0878139   0.0855547   0.0829955   0.0801164   0.0767896   0.0727374   0.0677321   0.0616579   0.0545094   0.0463709   0.0373857   0.0277807   0.0179486  0.00897881  0.00534639  0.00363215  0.00272211   0.0022051  0.00191187  0.00176508  0.00172598  0.00178129  0.00193712  0.00221147  0.00265059  0.00334597   0.0044953  0.00656534   0.0108086    0.021081   0.0323019   0.0432929   0.0536591
  0.0601926   0.0717384   0.0820705   0.0911134   0.0988087    0.105129    0.110087    0.113738    0.116201    0.117653    0.118321    0.118428    0.118099    0.117368    0.116232    0.114655    0.112611    0.110075    0.107018    0.103408   0.0991851    0.094231   0.0883783   0.0814783   0.0734346    0.064227   0.0538891   0.0424839   0.0300441   0.0163366           0           0           0           0           0           0           0           0           0           0           0           0           0           0           0           0   0.0184353   0.0337092   0.0475164   0.0601926
  0.0678635   0.0815041   0.0937314    0.104493    0.113762    0.121544    0.127877    0.132836    0.136534    0.139117    0.140746    0.141581    0.141724    0.141226    0.140107    0.138354    0.135946    0.132854    0.129034    0.124436    0.118982     0.11257     0.10507   0.0963666   0.0863779   0.0750775   0.0624741   0.0486198   0.0335729    0.017353           0           0           0           0           0           0           0           0           0           0           0           0           0           0           0           0   0.0189531   0.0365754   0.0528734   0.0678635
  0.0768845   0.0926863    0.106862    0.119365    0.130206    0.139409    0.147044    0.153195    0.157984    0.161531    0.163972    0.165427    0.165987    0.165708    0.164616    0.162708    0.159965    0.156357    0.151829    0.146317    0.139739    0.131997    0.122963    0.112538    0.100641     0.08723   0.0723101   0.0559491    0.038275   0.0195022           0           0           0           0           0           0           0           0           0           0           0           0           0           0           0           0   0.0207896   0.0407615   0.0595295   0.0768845
  0.0874473    0.105497    0.121655    0.135903    0.148281    0.158843    0.167688    0.174925    0.180674    0.185052    0.188183    0.190168     0.19109    0.191006     0.18994    0.187895    0.184852    0.180775    0.175603    0.169266     0.16167    0.152706    0.142247    0.130186    0.116419    0.100889    0.083588   0.0645911   0.0440781    0.022381           0           0           0           0           0           0           0           0           0           0           0           0           0           0           0           0   0.0234398   0.0461521   0.0675976   0.0874473
  0.0998101    0.120197    0.138354    0.154319    0.168162    0.179992    0.189945    0.198146    0.204731    0.209822    0.213537    0.215972    0.217203    0.217283    0.216244     0.21408    0.210774    0.206283    0.200545    0.193478    0.184967    0.174904    0.163139    0.149534    0.133962     0.11632   0.0965627   0.0747469   0.0510693   0.0259427           0           0           0           0           0           0           0           0           0           0           0           0           0           0           0           0   0.0268279   0.0528065   0.0772736   0.0998101
   0.114329    0.137117    0.157257    0.174851    0.190051    0.203026     0.21395    0.222985    0.230281     0.23597     0.24017    0.242976    0.244464    0.244685    0.243669    0.241405    0.237878     0.23304    0.226822    0.219122     0.20983    0.198802    0.185867    0.170852    0.153573    0.133864    0.111598   0.0867606   0.0595131   0.0303196           0           0           0           0           0           0           0           0           0           0           0           0           0           0           0           0   0.0310632   0.0609725   0.0888877    0.114329
   0.131504    0.156695    0.178705    0.197777    0.214162    0.228111    0.239848    0.249566    0.257439    0.263606    0.268195    0.271297    0.272992     0.27333    0.272333    0.269994    0.266293     0.26118    0.254571    0.246367    0.236432    0.224601    0.210677    0.194432    0.175618    0.153962    0.129207    0.101181   0.0699073   0.0358212           0           0           0           0           0           0           0           0           0           0           0           0           0           0           0           0   0.0364476   0.0711339    0.102971    0.131504
   0.152025    0.179454    0.203092    0.223382     0.24071    0.255412    0.267765    0.277997    0.286298    0.292823    0.297701    0.301027    0.302882     0.30331    0.302333    0.299946    0.296125    0.290809     0.28392    0.275343    0.264928    0.252492    0.237803    0.220587    0.200503    0.177155     0.15009    0.118851   0.0831141   0.0430577           0           0           0           0           0           0           0           0           0           0           0           0           0           0           0           0   0.0435857    0.084147    0.120361    0.152025
   0.176785       0.206    0.230825    0.251946    0.269885    0.285066    0.297804    0.308361    0.316932    0.323688    0.328754    0.332235    0.334198    0.334693    0.333742    0.331335    0.327447    0.322015     0.31496    0.306154    0.295446    0.282632    0.267462    0.249606    0.228653    0.204067    0.175149    0.141015    0.100641   0.0532963           0           0           0           0           0           0           0           0           0           0           0           0           0           0           0           0   0.0537463    0.101519    0.142295    0.176785
   0.206813    0.236941    0.262262    0.283681    0.301825    0.317162    0.330032    0.340706    0.349385     0.35624    0.361395    0.364958    0.366981    0.367525    0.366605    0.364208    0.360311    0.354851    0.347746    0.338868    0.328067    0.315134    0.299801    0.281722    0.260436    0.235311    0.205427    0.169414     0.12514   0.0694886           0           0           0           0           0           0           0           0           0           0           0           0           0           0           0           0   0.0698794    0.125897    0.170506    0.206813
   0.243015    0.272689    0.297599    0.318689    0.336577    0.351727     0.36446    0.375041    0.383662    0.390489    0.395638    0.399206    0.401249    0.401824    0.400938    0.398584    0.394735    0.389334    0.382298    0.373511     0.36282    0.350032    0.334884    0.317043    0.296063    0.271311    0.241833    0.206073    0.161018   0.0995203           0           0           0           0           0           0           0           0           0           0           0           0           0           0           0           0    0.099884    0.161687    0.207015    0.243015
   0.285539    0.313198    0.336761     0.35689    0.374078    0.388705    0.401043     0.41133    0.419739    0.426414    0.431462    0.434972    0.436996     0.43758    0.436737    0.434455    0.430712    0.425452    0.418603    0.410055    0.399675    0.387285    0.372657    0.355508    0.335467     0.31203    0.284525    0.252026     0.21334    0.167577    0.118365   0.0985601   0.0891545   0.0840671    0.081077   0.0792682   0.0782251   0.0777453   0.0777504   0.0782362   0.0792871   0.0811061   0.0841091    0.089222   0.0986696    0.118558    0.167969    0.213952    0.252851    0.285539
   0.333083     0.35781    0.379356    0.398033    0.414149     0.42796    0.439681    0.449497    0.457551    0.463962    0.468827     0.47222    0.474185    0.474767     0.47397     0.47179    0.468205    0.463163    0.456604    0.448434     0.43854    0.426772    0.412955    0.396873    0.378263    0.356817     0.33221    0.304168     0.27274    0.239079    0.207322     0.18672    0.173996    0.166034     0.16097    0.157775    0.155886    0.155008    0.155017    0.155904    0.157811    0.161025    0.166112    0.174113    0.186899    0.207592    0.239481    0.273305    0.304893    0.333083
   0.384084    0.405612    0.424814     0.44174    0.456522    0.469303    0.480228    0.489426    0.497003    0.503058    0.507668    0.510888    0.512765    0.513329    0.512586    0.510535    0.507149    0.502393    0.496216    0.488541    0.479275     0.46831     0.45552    0.440764     0.42389    0.404767     0.38333    0.359698    0.334374    0.308668    0.285129    0.267008    0.254071    0.245102    0.238996    0.234977    0.232534    0.231387    0.231396    0.232561    0.235026     0.23907    0.245205    0.254218    0.267221    0.285423    0.309063    0.334889    0.360335    0.384084
   0.437304    0.455748    0.472548    0.487591    0.500892    0.512505    0.522506     0.53097    0.537981    0.543602    0.547893    0.550901    0.552661    0.553196    0.552514    0.550606    0.547462     0.54305    0.537326    0.530235    0.521709    0.511675    0.500054    0.486771    0.471764    0.455027    0.436656    0.416915    0.396384    0.376091    0.357515    0.342114    0.330177    0.321302    0.314942    0.310596    0.307893    0.306607    0.306616    0.307927    0.310655    0.315027    0.321422    0.330337    0.342341     0.35781    0.376464    0.396851    0.417474    0.437304
   0.491903    0.507542    0.522031    0.535184    0.546953     0.55732    0.566314    0.573971    0.580346    0.585473    0.589403    0.592163    0.593782    0.594282    0.593658    0.591918    0.589046    0.585017    0.579803    0.573363    0.565651    0.556627    0.546253    0.534498    0.521367     0.50693    0.491348     0.47492    0.458155    0.441792    0.426731    0.413768    0.403209    0.394991    0.388873    0.384569    0.381841    0.380526    0.380538    0.381879    0.384632    0.388964    0.395117    0.403373    0.413987    0.427012    0.442139    0.458571    0.475407    0.491903
   0.547355      0.5605    0.572837    0.584168    0.594411    0.603508    0.611457    0.618261    0.623953    0.628547    0.632077    0.634565    0.636028    0.636482    0.635926    0.634364    0.631784    0.628172    0.623504     0.61776    0.610907    0.602935    0.593829    0.583597    0.572277    0.559982    0.546885    0.533259    0.519522    0.506196     0.49386    0.483007    0.473895    0.466585    0.460991    0.456967    0.454378    0.453118    0.453132    0.454416     0.45703    0.461083    0.466708    0.474057    0.483211    0.494116    0.506507    0.519889     0.53368    0.547355
   0.603337    0.614273    0.624638    0.634249    0.643009    0.650849     0.65774    0.663671    0.668652    0.672685    0.675795     0.67799    0.679285    0.679688    0.679202    0.677826    0.675556    0.672379    0.668287    0.663257     0.65729    0.650376    0.642533    0.633773    0.624171    0.613839     0.60294    0.591712    0.580478    0.569613    0.559509    0.550495    0.542783    0.536465    0.531535    0.527934    0.525587    0.524437    0.524451    0.525622    0.527993    0.531624    0.536582    0.542933    0.550681    0.559735    0.569885    0.580796    0.592071    0.603337
   0.659651     0.66862    0.677183    0.685184    0.692528    0.699139    0.704983    0.710036    0.714292    0.717752    0.720426    0.722317    0.723434    0.723784    0.723368    0.722183    0.720234    0.717507    0.713996    0.709699    0.704616     0.69876    0.692139    0.684796    0.676801    0.668261    0.659319    0.650174    0.641068    0.632272    0.624065    0.616678    0.610276    0.604959    0.600755    0.597645      0.5956    0.594594    0.594605    0.595631      0.5977    0.600834    0.605066    0.610413     0.61684     0.62426    0.632504    0.641335    0.650475    0.659651
   0.716172    0.723372    0.730286    0.736781    0.742775      0.7482    0.753017    0.757195    0.760729    0.763608    0.765838    0.767418    0.768351    0.768647    0.768299    0.767313    0.765686    0.763412    0.760493    0.756926    0.752727    0.747899    0.742468    0.736468    0.729977    0.723082    0.715905    0.708596    0.701344    0.694347    0.687799    0.681868    0.676689    0.672345    0.668877    0.666289    0.664578    0.663732    0.663741    0.664605    0.666338    0.668945    0.672438    0.676806    0.682007    0.687962    0.694537    0.701566    0.708842    0.716172
   0.772825    0.778415    0.783798    0.788882    0.793592    0.797871    0.801686    0.805004    0.807818    0.810114    0.811899    0.813162    0.813912    0.814148     0.81387    0.813082     0.81178    0.809965    0.807634    0.804797    0.801463    0.797643    0.793352    0.788638    0.783559    0.778189    0.772616    0.766965    0.761369     0.75597    0.750911    0.746309    0.742268    0.738859    0.736116    0.734058    0.732692    0.732013     0.73202    0.732714    0.734098    0.736173    0.738934    0.742363    0.746422    0.751041    0.756121    0.761545    0.767157    0.772825
   0.829564    0.833657     0.83761    0.841359    0.844838    0.848012    0.850846     0.85332     0.85542    0.857138    0.858475    0.859422    0.859984    0.860162    0.859955    0.859364    0.858389    0.857029    0.855286     0.85317    0.850689    0.847844    0.844663    0.841179    0.837437    0.833489     0.82941    0.825278    0.821194    0.817257     0.81356     0.81019    0.807222    0.804703    0.802668    0.801137    0.800117    0.799608    0.799613    0.800133    0.801168    0.802713     0.80476    0.807292    0.810276    0.813657    0.817369    0.821326    0.825423    0.829564
   0.886351    0.889034    0.891633    0.894098    0.896393    0.898491    0.900368     0.90201    0.903403    0.904548    0.905437    0.906068    0.906441    0.906562    0.906424     0.90603    0.905381    0.904474    0.903317    0.901914    0.900265    0.898381    0.896279    0.893981    0.891517    0.888926    0.886249    0.883546    0.880876    0.878301    0.875882    0.873675    0.871723    0.870063    0.868719    0.867706    0.867028    0.866689    0.866693    0.867039    0.867726    0.868749    0.870102    0.871771     0.87373    0.875947    0.878375    0.880966     0.88364    0.886351
   0.943167    0.944499    0.945784    0.947008    0.948147    0.949192    0.950126    0.950943     0.95164     0.95221    0.952654    0.952969    0.953156    0.953217    0.953148    0.952952    0.952626    0.952173    0.951598    0.950896    0.950075    0.949136    0.948091     0.94695    0.945727    0.944443    0.943119    0.941781    0.940462    0.939188    0.937994      0.9369    0.935932    0.935108    0.934442    0.933936    0.933599     0.93343    0.933431    0.933605    0.933947    0.934456     0.93513    0.935957    0.936928    0.938024    0.939228    0.940507    0.941826    0.943167
          1           1           1           1           1           1           1           1           1           1           1           1           1           1           1           1           1           1           1           1           1           1           1           1           1           1           1           1           1           1           1           1           1           1           1           1           1           1           1           1           1           1           1           1           1           1           1           1           1           1
