1.18888
1.13653
1.03012
0.997085
0.979878
0.916582
0.878779
0.832684
0.790262
0.754292
0.716662
0.680202
0.649284
0.618152
0.587231
0.55789
0.530748
0.503959
0.477817
0.452522
0.428202
0.404932
0.382906
0.362529
0.343103
0.324623
0.307073
0.302058
0.299417
0.375569
0.269178
0.233932
0.239882
0.208692
0.215252
0.199777
0.199214
0.19029
0.168411
0.182357
0.188943
0.172749
0.15737
0.125188
0.110795
0.108672
0.0938808
0.0846424
0.0851587
0.0988007
0.0667631
0.060605
0.0621467
0.0661813
0.0581559
0.0592237
0.0577106
0.0595015
0.0503967
0.0438459
0.0354136
0.0304034
0.0307895
0.0325553
0.0375608
0.0230532
0.0248398
0.0263702
0.0280941
0.0288342
0.0259614
0.0252669
0.0213394
0.0176973
0.0148066
0.0143702
0.0150096
0.0153081
0.0136255
0.0136804
0.012518
0.0129986
0.0120026
0.0105194
0.00974683
0.00881176
0.00865927
0.00867628
0.00856249
0.00805464
0.0074232
0.00808565
0.00738569
0.00718536
0.00670851
0.0064527
0.0063681
0.00634089
0.00611057
0.00702134
0.00644421
0.00669058
0.00652821
0.0060763
0.00575937
0.00550854
0.00542274
0.00516932
0.00519078
0.00520457
0.00521936
0.00480241
0.00495246
0.0054031
0.00496794
0.00506546
0.00525481
0.00469781
0.00430544
0.00463105
0.0043478
0.00340186
0.00358889
0.00409382
0.00425698
0.00457077
0.00428095
0.00347325
0.00267636
0.00261126
0.00254981
0.00230512
0.00241238
0.00240821
0.00229165
0.00231477
0.00215482
0.00209329
0.0019522
0.00193597
0.00174567
0.00184906
0.00191134
0.00188634
0.0017846
0.00164204
0.00155122
0.00149183
0.00131582
0.00130909
0.00123625
0.00119684
0.00118321
0.00118274
0.0011203
0.00109463
0.00103601
0.001038
0.00102686
0.00104399
0.000908322
0.000802532
0.000794503
0.000815138
0.000793392
0.000755694
0.000832693
0.000936473
0.00102824
0.00105183
0.00100535
0.000941841
0.000826372
0.000761824
0.000790205
0.000788505
0.000751308
0.000734424
0.00069023
0.000604866
0.000542007
0.000472978
0.000429444
0.000474381
0.000495234
0.000437342
0.00037572
0.000438062
0.000438295
0.000456678
0.000457191
0.000408852
0.000333877
0.000288856
0.000258659
0.000275915
0.000252424
0.000247069
0.000233911
0.000200553
0.000197927
0.000177022
0.000166071
0.000143433
0.00016264
0.000180587
0.000170874
0.000199308
0.000234152
0.000212319
0.000213324
0.000176713
0.00017992
0.000172505
0.000149432
0.000135616
0.00012907
0.000105872
7.8389e-05
7.41367e-05
6.53044e-05
6.24215e-05
6.0641e-05
6.74945e-05
6.26019e-05
5.94693e-05
5.5252e-05
5.31009e-05
4.71699e-05
4.55964e-05
4.35607e-05
3.66521e-05
4.16701e-05
3.71686e-05
3.78009e-05
3.77096e-05
3.44872e-05
3.32102e-05
3.16507e-05
3.3381e-05
3.03297e-05
3.47594e-05
2.60522e-05
2.63448e-05
2.53104e-05
2.21768e-05
2.66087e-05
2.72355e-05
2.6369e-05
2.36335e-05
1.97099e-05
1.73571e-05
2.33209e-05
1.99112e-05
1.66918e-05
1.76943e-05
1.44561e-05
1.63044e-05
1.72743e-05
1.87068e-05
1.58953e-05
1.39771e-05
1.44469e-05
1.25927e-05
1.19938e-05
9.90619e-06
