        0         0         0         0         0         0         0         0         0         0         0         0         0         0         0         0         0         0         0         0         0         0         0         0         0         0         0         0         0         0         0         0         0         0         0         0         0         0         0         0         0         0         0         0         0         0         0         0         0         0
0.0191998 0.0191992 0.0191806 0.0191437 0.0190879 0.0190125  0.018918 0.0188047 0.0186677 0.0185064 0.0183206 0.0181114 0.0178771  0.017618 0.0173386 0.0170402 0.0167277 0.0164054 0.0160864 0.0157762 0.0154873 0.0152325 0.0150178 0.0148572 0.0147603 0.0147258 0.0147597  0.014859 0.0150195 0.0152318 0.0154864 0.0157748 0.0160863 0.0164089 0.0167258 0.0170384 0.0173417 0.0176217  0.017878 0.0181122  0.018322 0.0185066  0.018667 0.0188034 0.0189198 0.0190147   0.01909 0.0191454 0.0191806 0.0191998
0.0384157  0.038416 0.0383786 0.0383055 0.0381961 0.0380473 0.0378596 0.0376319 0.0373581 0.0370346 0.0366655  0.036246 0.0357786 0.0352589 0.0346965 0.0340948 0.0334613 0.0328126 0.0321616 0.0315326 0.0309432 0.0304194 0.0299826  0.029656 0.0294539 0.0293852 0.0294537 0.0296575 0.0299848 0.0304191 0.0309404 0.0315287  0.032165 0.0328155 0.0334587 0.0340937 0.0347026 0.0352642  0.035779 0.0362492 0.0366673 0.0370363 0.0373563 0.0376292 0.0378613 0.0380504 0.0381987 0.0383069 0.0383788 0.0384157
0.0576683 0.0576687 0.0576146 0.0575073 0.0573429 0.0571222 0.0568441 0.0565021 0.0560926 0.0556105 0.0550606 0.0544324 0.0537274 0.0529457 0.0520939 0.0511798  0.050213 0.0492198 0.0482198 0.0472461 0.0463328 0.0455174 0.0448401 0.0443301 0.0440129 0.0439071 0.0440142 0.0443319 0.0448416 0.0455165 0.0463296 0.0472457 0.0482216 0.0492183 0.0502128 0.0511832 0.0520986 0.0529494 0.0537312 0.0544345 0.0550619  0.055615 0.0560906 0.0565014 0.0568453 0.0571237  0.057344 0.0575075 0.0576143 0.0576683
0.0769761 0.0769763 0.0769044 0.0767628 0.0765467 0.0762558 0.0758898 0.0754384 0.0748979  0.074262 0.0735303 0.0726948 0.0717518 0.0707044 0.0695555 0.0683146 0.0669977 0.0656322 0.0642511  0.062897 0.0616214 0.0604818 0.0595281 0.0588105 0.0583642 0.0582139 0.0583665 0.0588125 0.0595307 0.0604804  0.061621  0.062897 0.0642498 0.0656311 0.0669982  0.068316   0.06956 0.0707097 0.0717556 0.0726976 0.0735336  0.074265  0.074897 0.0754377 0.0758894 0.0762592 0.0765482 0.0767635 0.0769056 0.0769761
0.0963524 0.0963516 0.0962655 0.0960902 0.0958255 0.0954695 0.0950209 0.0944646 0.0937955 0.0930112 0.0921038 0.0910624 0.0898825  0.088565 0.0871098 0.0855256 0.0838318 0.0820598 0.0802526 0.0784684 0.0767778 0.0752569  0.073982 0.0730199 0.0724209 0.0722175 0.0724237 0.0730244 0.0739845 0.0752569 0.0767753 0.0784671  0.080252 0.0820576 0.0838326 0.0855284 0.0871124 0.0885696 0.0898888 0.0910656 0.0921072  0.093013 0.0937949 0.0944634 0.0950209 0.0954728 0.0958291 0.0960919 0.0962656 0.0963524
 0.115814  0.115814  0.115712  0.115507  0.115199  0.114783  0.114253    0.1136  0.112812  0.111886  0.110808  0.109568  0.108153  0.106563  0.104792  0.102847  0.100745 0.0985224 0.0962312 0.0939461 0.0917631 0.0897866 0.0881237  0.086865 0.0860805 0.0858171 0.0860864  0.086872 0.0881274 0.0897831 0.0917572 0.0939471 0.0962298 0.0985199  0.100747  0.102847  0.104795   0.10657  0.108158  0.109571  0.110812  0.111886  0.112814  0.113599  0.114254  0.114785  0.115202  0.115508  0.115714  0.115814
 0.135377  0.135375  0.135261  0.135029  0.134681  0.134211  0.133609  0.132867  0.131969  0.130913  0.129675  0.128244  0.126603  0.124741  0.122649  0.120326  0.117781  0.115053  0.112203   0.10932   0.10654  0.104004   0.10186  0.100236 0.0992252 0.0988844 0.0992327  0.100245   0.10186  0.103996  0.106538  0.109323  0.112198  0.115052  0.117783  0.120325  0.122653  0.124747  0.126608  0.128247  0.129677  0.130914  0.131971  0.132867   0.13361   0.13421  0.134684  0.135034  0.135264  0.135377
 0.155052   0.15505  0.154922  0.154671  0.154288  0.153771  0.153106  0.152286  0.151292  0.150117  0.148735  0.147129  0.145275   0.14315  0.140738  0.138022  0.135003  0.131707  0.128201  0.124596   0.12107  0.117828  0.115078  0.112997  0.111701  0.111267   0.11171  0.113001  0.115075  0.117824  0.121071  0.124595  0.128196  0.131708  0.135004  0.138023  0.140741  0.143156   0.14528  0.147131  0.148736  0.150117  0.151293  0.152287  0.153105  0.153772  0.154293  0.154676  0.154927  0.155052
  0.17485  0.174849  0.174713  0.174445  0.174033  0.173475  0.172761  0.171875  0.170801  0.169526  0.168021   0.16626  0.164216  0.161849  0.159131  0.156022  0.152501  0.148574  0.144294  0.139795  0.135311  0.131159  0.127633  0.124971  0.123322  0.122768  0.123326  0.124971  0.127632  0.131159  0.135312  0.139791  0.144292  0.148576  0.152501  0.156021  0.159133  0.161854   0.16422  0.166262   0.16802  0.169527  0.170803  0.171874   0.17276  0.173478  0.174035  0.174447  0.174716   0.17485
 0.194784  0.194784  0.194641  0.194357  0.193925  0.193338  0.192586   0.19165  0.190515  0.189162  0.187561  0.185678  0.183476  0.180905  0.177912  0.174433  0.170407  0.165795  0.160607  0.154975  0.149223  0.143859   0.13933  0.135937   0.13385  0.133147  0.133849  0.135933  0.139329  0.143862  0.149223   0.15497  0.160606  0.165795  0.170407  0.174433  0.177911  0.180909  0.183481  0.185679  0.187562  0.189162  0.190515  0.191651  0.192584  0.193339  0.193927   0.19436  0.194644  0.194784
 0.214859  0.214857  0.214711   0.21442  0.213974  0.213369  0.212591  0.211624  0.210449  0.209046  0.207382  0.205416  0.203104  0.200383  0.197178   0.19339  0.188902  0.183591  0.177362  0.170272  0.162746  0.155725  0.149894  0.145599   0.14299  0.142115  0.142985  0.145593  0.149893  0.155731  0.162745  0.170269  0.177362   0.18359  0.188902   0.19339  0.197178  0.200388  0.203108  0.205417  0.207382  0.209042  0.210452  0.211624  0.212588  0.213367  0.213975  0.214422  0.214714  0.214859
 0.235077  0.235076   0.23493  0.234635  0.234183  0.233571  0.232783  0.231805  0.230615  0.229192  0.227501  0.225501  0.223141  0.220346  0.217026  0.213047  0.208223  0.202304  0.194978  0.186002  0.175761  0.166409  0.158923  0.153576   0.15039  0.149333  0.150385   0.15357  0.158924  0.166413   0.17576  0.186001  0.194976  0.202303  0.208224  0.213047  0.217026  0.220351  0.223143  0.225503  0.227497  0.229192  0.230617  0.231803   0.23278  0.233569  0.234186  0.234635   0.23493  0.235077
 0.255444  0.255443  0.255299  0.255005  0.254555  0.253948  0.253168  0.252195  0.251014  0.249604  0.247929  0.245948  0.243609  0.240837  0.237534  0.233547   0.22864  0.222426  0.214238  0.203002  0.187881  0.175233  0.165815  0.159391   0.15566  0.154435  0.155655  0.159386  0.165816  0.175234   0.18788  0.203002  0.214237  0.222424  0.228641  0.233546  0.237535  0.240842   0.24361  0.245947  0.247929  0.249604  0.251014  0.252192  0.253162  0.253948  0.254556  0.255005  0.255298  0.255444
 0.275957  0.275955  0.275814  0.275528  0.275091  0.274497  0.273739  0.272792  0.271647   0.27028  0.268662  0.266753  0.264509  0.261862  0.258725  0.254966  0.250364  0.244522  0.236545  0.223884  0.197531  0.180827  0.169716   0.16251  0.158421  0.157091  0.158417  0.162506  0.169717  0.180827  0.197531  0.223886  0.236542  0.244522  0.250365  0.254964  0.258728  0.261865  0.264506  0.266756  0.268662  0.270277  0.271646  0.272789  0.273735  0.274497  0.275091  0.275529  0.275814  0.275957
 0.296612  0.296611  0.296476  0.296201  0.295783  0.295214  0.294492   0.29359  0.292501  0.291208  0.289683  0.287895   0.28581  0.283379  0.280542  0.277225  0.273327  0.268756  0.263534   0.25846         0         0         0         0         0         0         0         0         0         0         0   0.25846  0.263532  0.268757  0.273328  0.277224  0.280545  0.283376  0.285812    0.2879  0.289679  0.291207    0.2925  0.293589  0.294486  0.295216  0.295782  0.296203  0.296476  0.296612
 0.317404  0.317402  0.317275  0.317016  0.316625  0.316092  0.315416  0.314575  0.313562  0.312367  0.310965  0.309336  0.307457  0.305301  0.302842  0.300061  0.296965   0.29364  0.290377   0.28796         0         0         0         0         0         0         0         0         0         0         0  0.287959  0.290375   0.29364  0.296965  0.300061   0.30284  0.305301  0.307463  0.309334  0.310965  0.312364  0.313566  0.314571  0.315413  0.316093  0.316627  0.317018  0.317275  0.317404
 0.338322  0.338322  0.338205  0.337966  0.337606  0.337118  0.336498  0.335731  0.334811  0.333732  0.332474  0.331028  0.329382  0.327527  0.325464  0.323213  0.320832   0.31846  0.316373  0.315044         0         0         0         0         0         0         0         0         0         0         0  0.315043  0.316372  0.318462  0.320831  0.323211  0.325465  0.327531   0.32938  0.331028  0.332472  0.333731  0.334812   0.33573  0.336496   0.33712  0.337608  0.337968  0.338204  0.338322
 0.359361  0.359359  0.359254  0.359039  0.358714  0.358278  0.357723  0.357039  0.356222  0.355272  0.354172   0.35292  0.351516  0.349961  0.348274  0.346493   0.34469  0.342996   0.34161  0.340799         0         0         0         0         0         0         0         0         0         0         0  0.340798   0.34161  0.342998  0.344689  0.346493  0.348278  0.349957  0.351515   0.35292  0.354171  0.355271  0.356225  0.357038  0.357724  0.358279  0.358718   0.35904  0.359255  0.359361
 0.380503  0.380502  0.380409  0.380222  0.379936  0.379556  0.379073   0.37848  0.377774  0.376959  0.376023  0.374967  0.373799  0.372527  0.371178  0.369794  0.368441  0.367222  0.366273  0.365744         0         0         0         0         0         0         0         0         0         0         0  0.365742  0.366275  0.367221   0.36844  0.369799  0.371176  0.372526  0.373798  0.374967  0.376022  0.376957  0.377778   0.37848  0.379075  0.379557  0.379942  0.380223   0.38041  0.380503
 0.401739  0.401739   0.40166  0.401499  0.401257  0.400937  0.400531  0.400032  0.399441  0.398765  0.397992  0.397128  0.396184  0.395172  0.394119  0.393062  0.392057  0.391179  0.390517  0.390158         0         0         0         0         0         0         0         0         0         0         0  0.390157  0.390518  0.391178  0.392062  0.393062  0.394116  0.395173  0.396182   0.39713  0.397987  0.398765  0.399443  0.400034  0.400531   0.40094  0.401263  0.401503   0.40166  0.401739
 0.423054  0.423053  0.422987  0.422859  0.422663  0.422403  0.422077  0.421675  0.421201  0.420663   0.42005   0.41937  0.418637   0.41786  0.417063  0.416278  0.415546  0.414921  0.414459  0.414212         0         0         0         0         0         0         0         0         0         0         0  0.414211  0.414459  0.414924  0.415548  0.416275  0.417063  0.417857  0.418638  0.419369  0.420048  0.420661  0.421206  0.421676  0.422078  0.422407  0.422671  0.422861   0.42299  0.423054
 0.444432  0.444432  0.444382  0.444284  0.444135  0.443939  0.443691   0.44339  0.443033  0.442628  0.442173  0.441671  0.441132  0.440568  0.439996  0.439439  0.438929  0.438499  0.438185   0.43802         0         0         0         0         0         0         0         0         0         0         0  0.438019  0.438188  0.438501  0.438928  0.439439  0.439994  0.440568   0.44113   0.44167  0.442169   0.44263  0.443036  0.443391  0.443693  0.443945   0.44414  0.444288  0.444383  0.444432
  0.46586  0.465859  0.465826  0.465759  0.465659  0.465525  0.465361  0.465156  0.464914  0.464645  0.464342  0.464008  0.463653  0.463284  0.462912  0.462555  0.462231   0.46196  0.461765  0.461662         0         0         0         0         0         0         0         0         0         0         0  0.461663  0.461767  0.461959  0.462232  0.462554  0.462913  0.463282  0.463652  0.464007  0.464339  0.464648  0.464918  0.465157  0.465361  0.465529  0.465664  0.465762  0.465827   0.46586
  0.48732  0.487321  0.487303  0.487269  0.487214  0.487149  0.487062  0.486955  0.486833  0.486693  0.486538  0.486368  0.486188  0.486002  0.485817  0.485639  0.485479  0.485346  0.485251  0.485201         0         0         0         0         0         0         0         0         0         0         0  0.485204   0.48525  0.485347  0.485478  0.485638  0.485817     0.486  0.486189  0.486365  0.486539  0.486695  0.486836  0.486957  0.487063   0.48715   0.48722   0.48727  0.487303   0.48732
   0.5088  0.508799  0.508798  0.508794  0.508793  0.508786  0.508782  0.508775  0.508764  0.508758  0.508749  0.508738  0.508729  0.508721  0.508712  0.508705  0.508699  0.508694  0.508691  0.508689         0         0         0         0         0         0         0         0         0         0         0   0.50869  0.508691  0.508696  0.508698  0.508706  0.508712  0.508721  0.508729   0.50874  0.508746   0.50876  0.508767  0.508776  0.508781   0.50879  0.508793  0.508797  0.508798    0.5088
 0.530279  0.530279  0.530293  0.530326  0.530366  0.530426  0.530504  0.530593    0.5307  0.530821  0.530959   0.53111   0.53127  0.531439  0.531608   0.53177  0.531918  0.532041   0.53213  0.532177         0         0         0         0         0         0         0         0         0         0         0  0.532175  0.532132  0.532042  0.531919   0.53177  0.531608  0.531438  0.531272  0.531109  0.530958  0.530823  0.530701  0.530593  0.530503  0.530428  0.530369  0.530324  0.530294  0.530279
 0.551744  0.551745  0.551778  0.551836  0.551927  0.552052  0.552208  0.552398  0.552616   0.55287  0.553157  0.553469  0.553805  0.554155  0.554508   0.55485  0.555162  0.555422  0.555611   0.55571         0         0         0         0         0         0         0         0         0         0         0   0.55571  0.555612  0.555424  0.555163  0.554852  0.554509  0.554155  0.553806  0.553467  0.553154  0.552873  0.552619  0.552396  0.552208  0.552052  0.551928  0.551838  0.551775  0.551744
  0.57318  0.573184  0.573226  0.573318  0.573457  0.573644  0.573882  0.574166  0.574502   0.57489  0.575326  0.575807  0.576323  0.576867  0.577421  0.577961  0.578457  0.578876  0.579181  0.579343         0         0         0         0         0         0         0         0         0         0         0  0.579343  0.579182  0.578879  0.578458  0.577962   0.57742  0.576869  0.576323  0.575804  0.575323  0.574893  0.574502  0.574167  0.573879  0.573645  0.573458  0.573319  0.573225   0.57318
 0.594573   0.59457  0.594633  0.594753  0.594938  0.595188  0.595502  0.595886  0.596338   0.59686  0.597451  0.598104  0.598817  0.599571  0.600348  0.601114   0.60183  0.602442  0.602895  0.603137         0         0         0         0         0         0         0         0         0         0         0  0.603137  0.602898  0.602444  0.601832  0.601115  0.600348  0.599572  0.598817  0.598102   0.59745  0.596861  0.596337  0.595884  0.595503  0.595187  0.594939  0.594752  0.594634  0.594573
 0.615899    0.6159  0.615974  0.616127  0.616356  0.616664  0.617058  0.617536  0.618104  0.618761  0.619509  0.620348  0.621266  0.622253  0.623283  0.624319  0.625305  0.626168  0.626819  0.627174         0         0         0         0         0         0         0         0         0         0         0  0.627175  0.626823   0.62617  0.625307   0.62432  0.623284  0.622254  0.621266  0.620345   0.61951  0.618761  0.618102  0.617536  0.617056  0.616666  0.616354  0.616129  0.615974  0.615899
 0.637153   0.63715  0.637242  0.637421  0.637692  0.638059  0.638527    0.6391  0.639778  0.640571  0.641481  0.642507  0.643649  0.644891  0.646214  0.647574  0.648905  0.650105  0.651041  0.651564         0         0         0         0         0         0         0         0         0         0         0  0.651567  0.651044  0.650107  0.648905  0.647576  0.646216  0.644893  0.643648  0.642507  0.641479  0.640572  0.639778  0.639097  0.638526   0.63806  0.637694  0.637421  0.637242  0.637153
 0.658314  0.658317  0.658416  0.658623  0.658932  0.659355  0.659894  0.660552  0.661341  0.662264  0.663335  0.664555  0.665927   0.66745  0.669106  0.670859  0.672634  0.674307  0.675676  0.676478         0         0         0         0         0         0         0         0         0         0         0  0.676481  0.675678  0.674307  0.672636  0.670861  0.669109   0.66745  0.665929  0.664552  0.663333  0.662265   0.66134  0.660549  0.659892  0.659356  0.658936  0.658623  0.658416  0.658314
 0.679378  0.679376  0.679491  0.679716  0.680065  0.680535  0.681136  0.681877  0.682764  0.683815  0.685036  0.686448  0.688057  0.689875  0.691903  0.694119  0.696468  0.698812  0.700878  0.702194         0         0         0         0         0         0         0         0         0         0         0  0.702196  0.700879  0.698813  0.696471  0.694123  0.691905  0.689876  0.688059  0.686445  0.685036  0.683815  0.682763  0.681874  0.681136  0.680536  0.680066  0.679718   0.67949  0.679378
 0.700325  0.700324  0.700446  0.700695  0.701072  0.701585  0.702241  0.703051  0.704029  0.705189  0.706554  0.708141  0.709979  0.712092  0.714509   0.71725  0.720306  0.723596  0.726829  0.729227         0         0         0         0         0         0         0         0         0         0         0  0.729229   0.72683  0.723598   0.72031  0.717253   0.71451  0.712094   0.70998  0.708139  0.706553   0.70519  0.704027   0.70305   0.70224  0.701586  0.701074  0.700695  0.700449  0.700325
 0.721148   0.72115  0.721279  0.721544  0.721944   0.72249  0.723191  0.724058  0.725109  0.726363  0.727845  0.729586  0.731624  0.734005  0.736793  0.740062  0.743912  0.748437  0.753616  0.758657         0         0         0         0         0         0         0         0         0         0         0  0.758659  0.753617  0.748439  0.743914  0.740065  0.736794  0.734008  0.731624  0.729584  0.727846  0.726362  0.725109  0.724058  0.723191  0.722491  0.721945  0.721544  0.721279  0.721148
 0.741843  0.741843   0.74198  0.742254  0.742672  0.743242  0.743973  0.744883  0.745986  0.747309  0.748879  0.750734  0.752924  0.755514  0.758593  0.762298   0.76684  0.772623  0.780541  0.793129  0.819367  0.835986  0.847034  0.854199  0.858263  0.859583  0.858262  0.854197  0.847032  0.835985  0.819367   0.79313  0.780541  0.772625  0.766844  0.762299  0.758596  0.755515  0.752925  0.750733  0.748878  0.747308  0.745987  0.744882  0.743974  0.743242  0.742672  0.742255  0.741978  0.741843
 0.762401  0.762401  0.762541  0.762821  0.763248   0.76383  0.764579  0.765511  0.766646  0.768006  0.769626  0.771548  0.773825  0.776532  0.779771  0.783691  0.788531  0.794676  0.802794  0.813952  0.828985  0.841557  0.850916    0.8573  0.861007  0.862221  0.861005  0.857299  0.850914  0.841557  0.828984  0.813952  0.802795  0.794679  0.788532  0.783693  0.779772  0.776533  0.773826  0.771547  0.769625  0.768007  0.766646   0.76551   0.76458   0.76383  0.763249   0.76282   0.76254  0.762401
 0.782821   0.78282   0.78296  0.783241  0.783669  0.784252  0.785004  0.785939  0.787077  0.788444  0.790073  0.792006  0.794298  0.797018  0.800265  0.804168  0.808915  0.814756  0.822006  0.830901  0.841064  0.850342  0.857772   0.86308  0.866241   0.86729  0.866241  0.863079  0.857771  0.850341  0.841062  0.830901  0.822009  0.814758  0.808915   0.80417  0.800266  0.797019  0.794298  0.792004  0.790073  0.788445  0.787077  0.785937  0.785004  0.784252  0.783669   0.78324  0.782961  0.782821
 0.803101  0.803101  0.803238  0.803514  0.803934  0.804506  0.805244  0.806162  0.807279  0.808619  0.810216  0.812106  0.814341  0.816979  0.820101  0.823803  0.828203  0.833429  0.839573  0.846582  0.854027  0.860975  0.866749  0.871004   0.87359  0.874457  0.873591  0.871004  0.866749  0.860973  0.854027  0.846582  0.839576  0.833429  0.828203  0.823805  0.820101  0.816979  0.814342  0.812105  0.810217   0.80862  0.807278  0.806162  0.805243  0.804507  0.803933  0.803513  0.803238  0.803101
 0.823244  0.823246  0.823377  0.823643  0.824046  0.824596  0.825305  0.826186  0.827257   0.82854  0.830065  0.831865  0.833979  0.836458  0.839356  0.842739  0.846665  0.851183  0.856279  0.861823   0.86749  0.872778  0.877246  0.880596  0.882661  0.883358  0.882662  0.880598  0.877247  0.872777   0.86749  0.861823   0.85628  0.851183  0.846666   0.84274  0.839356  0.836457  0.833979  0.831863  0.830066  0.828541  0.827257  0.826186  0.825304  0.824596  0.824045  0.823642  0.823376  0.823244
 0.843258  0.843258  0.843382  0.843632   0.84401  0.844528  0.845193   0.84602  0.847021  0.848221   0.84964  0.851307  0.853253  0.855516  0.858128  0.861128  0.864539  0.868359  0.872537  0.876939   0.88133  0.885402  0.888861  0.891476    0.8931  0.893651    0.8931  0.891478  0.888861  0.885403  0.881331  0.876939  0.872537  0.868358  0.864539  0.861129  0.858127  0.855515  0.853253  0.851306   0.84964  0.848221  0.847023  0.846019  0.845192  0.844528   0.84401  0.843631  0.843381  0.843258
 0.863149  0.863148  0.863262   0.86349  0.863837  0.864312  0.864921  0.865676   0.86659  0.867682  0.868967  0.870471  0.872214  0.874221  0.876514  0.879106  0.882002  0.885178  0.888571  0.892063   0.89549  0.898642  0.901318  0.903347  0.904614  0.905043  0.904613   0.90335  0.901318  0.898643  0.895492  0.892064  0.888568  0.885177  0.882004  0.879106  0.876512   0.87422  0.872213   0.87047  0.868967  0.867681  0.866592  0.865675   0.86492  0.864311  0.863838   0.86349  0.863261  0.863149
 0.882925  0.882924  0.883025  0.883228  0.883539  0.883961  0.884503  0.885172  0.885983  0.886946  0.888079  0.889394  0.890911   0.89264  0.894598  0.896783  0.899187   0.90178    0.9045  0.907255  0.909923   0.91236  0.914421  0.915986  0.916962  0.917293  0.916962  0.915986  0.914422  0.912361  0.909926  0.907256  0.904498  0.901779  0.899187  0.896781  0.894597   0.89264   0.89091  0.889393  0.888078  0.886947  0.885983  0.885172  0.884502   0.88396   0.88354  0.883228  0.883026  0.882925
   0.9026    0.9026  0.902686  0.902861  0.903128  0.903491  0.903956  0.904529  0.905222  0.906044  0.907005  0.908118  0.909391  0.910835  0.912453   0.91424  0.916185  0.918253  0.920393  0.922535  0.924588  0.926452  0.928022  0.929212  0.929955  0.930206  0.929955  0.929212  0.928023  0.926453  0.924591  0.922536  0.920392  0.918252  0.916183   0.91424  0.912452  0.910834  0.909391  0.908116  0.907004  0.906044  0.905222   0.90453  0.903955   0.90349  0.903129  0.902861  0.902687    0.9026
 0.922188  0.922188  0.922259  0.922402  0.922622  0.922918  0.923298  0.923767  0.924333  0.925001  0.925781  0.926679  0.927703  0.928855  0.930138  0.931543  0.933057  0.934652  0.936284  0.937904  0.939446  0.940835  0.942003  0.942887  0.943437  0.943624  0.943437  0.942887  0.942004  0.940838  0.939447  0.937905  0.936285   0.93465  0.933055  0.931543  0.930137  0.928855  0.927702  0.926678   0.92578  0.925001  0.924332  0.923769  0.923298  0.922918  0.922621  0.922403  0.922259  0.922188
 0.941705  0.941705  0.941759  0.941869  0.942036  0.942263  0.942553   0.94291   0.94334  0.943847  0.944437  0.945115  0.945884  0.946746  0.947699  0.948739  0.949849  0.951009   0.95219  0.953353  0.954454  0.955442  0.956269  0.956894  0.957283  0.957415  0.957283  0.956895   0.95627  0.955443  0.954454  0.953354  0.952191  0.951008  0.949847  0.948738  0.947699  0.946746  0.945884  0.945114  0.944437  0.943846   0.94334  0.942911  0.942552  0.942263  0.942035  0.941869  0.941759  0.941705
 0.961167  0.961167  0.961204  0.961278  0.961391  0.961544  0.961739  0.961981   0.96227  0.962611  0.963006   0.96346  0.963972  0.964546  0.965177  0.965861   0.96659  0.967347  0.968114  0.968866  0.969574  0.970208  0.970738  0.971137  0.971387   0.97147  0.971386  0.971138  0.970739  0.970209  0.969575  0.968866  0.968114  0.967346  0.966589  0.965861  0.965177  0.964546  0.963972  0.963459  0.963006   0.96261   0.96227   0.96198  0.961739  0.961544  0.961391  0.961279  0.961204  0.961167
 0.980593  0.980593  0.980611  0.980649  0.980706  0.980783  0.980881  0.981002  0.981148  0.981319  0.981518  0.981744  0.982001  0.982287  0.982601  0.982941  0.983301  0.983676  0.984052  0.984422  0.984769  0.985078  0.985337  0.985532  0.985653  0.985694  0.985653  0.985532  0.985338  0.985079  0.984768  0.984422  0.984052  0.983675  0.983302  0.982941  0.982601  0.982287  0.982001  0.981744  0.981517  0.981319  0.981148  0.981002  0.980881  0.980782  0.980706  0.980649  0.980612  0.980593
        1         1         1         1         1         1         1         1         1         1         1         1         1         1         1         1         1         1         1         1         1         1         1         1         1         1         1         1         1         1         1         1         1         1         1         1         1         1         1         1         1         1         1         1         1         1         1         1         1         1
