0.25
0.125
0.078125
0.0546875
0.046875
0.0402832
0.0349121
0.0305481
0.0269775
0.0240269
0.0215626
0.0194833
0.0182656
0.0171423
0.0161106
0.0151649
0.0142983
0.0135039
0.012775
0.0121052
0.0114888
0.0109204
0.0103954
0.00990951
0.00956781
0.00924163
0.00893055
0.00863403
0.00835146
0.00808221
0.00782563
0.00758108
0.00734793
0.00712556
0.00691338
0.00671084
0.0065174
0.00633256
0.00615584
0.00598678
0.00585664
0.00573034
0.00560782
0.00548897
0.0053737
0.00526191
0.00515349
0.00504834
0.00494636
0.00484743
0.00475146
0.00465835
0.00456799
0.0044803
0.00439517
0.00431252
0.00423226
0.00415431
0.00407858
0.004005
0.00394522
0.00388668
0.00382937
0.00377325
0.0037183
0.00366451
0.00361184
0.00356028
0.00350979
0.00346036
0.00341197
0.00336458
0.00331817
0.00327273
0.00322823
0.00318464
0.00314195
0.00310013
0.00305916
0.00301902
0.00297969
0.00294116
0.00290339
0.00286637
0.00283522
0.00280454
0.00277433
0.00274458
0.0027153
0.00268646
0.00265807
0.00263012
0.00260259
0.00257549
0.00254881
0.00252253
0.00249666
0.00247118
0.0024461
0.00242139
0.00239706
0.0023731
0.00234951
0.00232627
0.00230338
0.00228083
0.00225862
0.00223675
0.0022152
0.00219397
0.00217305
0.00215244
0.00213465
0.00211707
0.0020997
0.00208253
0.00206556
0.0020488
0.00203223
0.00201586
0.00199968
0.00198369
0.00196789
0.00195227
0.00193684
0.00192159
0.00190652
0.00189162
0.0018769
0.00186236
0.00184798
0.00183377
0.00181972
0.00180584
0.00179211
0.00177855
0.00176514
0.00175189
0.00173879
0.00172584
0.00171304
0.00170038
0.00168787
0.0016755
0.00166462
0.00165384
0.00164316
0.00163259
0.00162211
0.00161172
0.00160144
0.00159125
0.00158115
0.00157115
0.00156124
0.00155142
0.0015417
0.00153207
0.00152252
0.00151306
0.0015037
0.00149441
0.00148522
0.00147611
0.00146708
0.00145813
0.00144927
0.00144049
0.00143179
0.00142317
0.00141463
0.00140617
0.00139778
0.00138947
0.00138124
0.00137308
0.001365
0.00135698
0.00134904
0.00134118
0.00133415
0.00132719
0.00132027
0.0013134
0.00130659
0.00129983
0.00129312
0.00128646
0.00127985
0.00127329
0.00126678
0.00126032
0.00125391
0.00124755
0.00124123
0.00123496
0.00122874
0.00122257
0.00121644
0.00121036
0.00120432
0.00119833
0.00119238
0.00118648
0.00118062
0.00117481
0.00116904
0.00116331
0.00115762
0.00115198
0.00114638
0.00114082
0.0011353
0.00112982
0.00112438
0.00111898
0.00111363
0.00110831
0.00110303
0.00109779
0.00109306
0.00108835
0.00108368
0.00107904
0.00107442
0.00106983
0.00106528
0.00106075
0.00105625
0.00105177
0.00104733
0.00104291
0.00103852
0.00103416
0.00102982
0.00102552
0.00102124
0.00101698
0.00101275
0.00100855
0.00100437
0.00100022
0.000996098
0.000991999
0.000987926
0.000983877
0.000979853
0.000975855
0.000971881
0.000967931
0.000964006
0.000960105
0.000956227
0.000952374
0.000948544
0.000944738
0.000940955
0.000937195
0.000933458
0.000929744
0.000926052
0.000922383
0.000918736
0.000915111
0.000911807
0.000908521
0.000905252
0.000902
0.000898765
0.000895547
0.000892346
0.000889162
0.000885994
0.000882843
0.000879708
0.00087659
0.000873488
0.000870402
0.000867333
0.00086428
0.000861242
0.00085822
0.000855215
0.000852224
0.00084925
0.000846291
0.000843347
0.000840419
0.000837506
0.000834608
0.000831725
0.000828857
0.000826004
0.000823166
0.000820343
0.000817534
0.00081474
0.00081196
0.000809194
0.000806443
0.000803706
0.000800983
0.000798275
0.00079558
0.000792899
0.000790231
0.000787578
0.000784938
0.000782312
0.000779699
0.000777099
0.000774513
0.000772137
0.000769772
0.000767417
0.000765073
0.000762739
0.000760416
0.000758103
0.000755801
0.000753508
0.000751226
0.000748954
0.000746693
0.000744441
0.000742199
0.000739968
0.000737746
0.000735534
0.000733332
0.00073114
0.000728958
0.000726785
0.000724622
0.000722469
0.000720325
0.000718191
0.000716066
0.000713951
0.000711845
0.000709748
0.000707661
0.000705582
0.000703513
0.000701454
0.000699403
0.000697361
0.000695329
0.000693305
0.00069129
0.000689284
0.000687287
0.000685299
0.000683319
0.000681348
0.000679386
0.000677433
0.000675487
0.000673551
0.000671623
0.000669703
0.000667792
0.000665889
0.000663994
0.000662243
0.000660497
0.000658759
0.000657027
0.000655302
0.000653583
0.000651871
0.000650166
0.000648467
0.000646775
0.00064509
0.00064341
0.000641738
0.000640071
0.000638411
0.000636758
0.000635111
0.00063347
0.000631835
0.000630207
0.000628585
0.000626969
0.000625359
0.000623756
0.000622159
0.000620567
0.000618982
0.000617403
0.00061583
0.000614263
0.000612702
0.000611147
0.000609598
0.000608055
0.000606518
0.000604986
0.000603461
0.000601941
0.000600427
0.000598919
0.000597416
0.000595919
0.000594428
0.000592943
0.000591463
0.000589989
0.00058852
0.000587057
0.000585599
0.000584147
0.000582701
0.00058126
0.000579824
0.000578394
0.000576969
0.000575549
0.000574229
0.000572914
0.000571602
0.000570295
0.000568993
0.000567695
0.000566401
0.000565112
0.000563827
0.000562546
0.000561269
0.000559997
0.000558729
0.000557466
0.000556206
0.000554951
0.0005537
0.000552453
0.00055121
0.000549972
0.000548737
0.000547507
0.000546281
0.000545059
0.000543841
0.000542627
0.000541417
0.000540211
0.000539009
0.000537811
0.000536617
0.000535427
0.000534242
0.00053306
0.000531882
0.000530707
0.000529537
0.000528371
0.000527209
0.00052605
0.000524895
0.000523744
0.000522597
0.000521454
0.000520314
0.000519179
0.000518047
0.000516918
0.000515794
0.000514673
0.000513556
0.000512442
0.000511333
0.000510227
0.000509124
0.000508025
0.00050693
0.000505838
0.00050475
0.000503666
0.000502651
0.000501641
0.000500633
0.000499629
0.000498627
0.000497628
0.000496633
0.00049564
0.00049465
0.000493663
0.000492679
0.000491698
0.00049072
0.000489744
0.000488772
0.000487802
0.000486835
0.000485871
0.00048491
0.000483952
0.000482996
0.000482043
0.000481093
0.000480146
0.000479202
0.00047826
0.000477321
0.000476385
0.000475452
0.000474521
0.000473594
0.000472668
0.000471746
0.000470826
0.000469909
0.000468995
0.000468083
0.000467174
0.000466267
0.000465364
0.000464463
0.000463564
0.000462668
0.000461775
0.000460884
0.000459996
0.000459111
0.000458228
0.000457347
0.000456469
0.000455594
0.000454721
0.000453851
0.000452984
0.000452118
0.000451256
0.000450396
0.000449538
0.000448683
0.00044783
0.00044698
0.000446132
0.000445287
0.000444444
0.000443647
0.000442858
0.000442071
0.000441286
0.000440503
0.000439722
0.000438943
0.000438166
0.000437391
0.000436618
0.000435847
0.000435078
0.000434311
0.000433546
0.000432783
0.000432022
0.000431263
0.000430506
0.000429751
0.000428998
0.000428247
0.000427498
0.000426751
0.000426005
0.000425262
0.00042452
0.000423781
0.000423043
0.000422307
0.000421574
0.000420842
0.000420112
0.000419383
0.000418657
0.000417933
0.00041721
0.00041649
0.000415771
0.000415054
0.000414339
0.000413625
0.000412914
0.000412204
0.000411497
0.000410791
0.000410086
0.000409384
0.000408683
0.000407985
0.000407288
0.000406593
0.000405899
0.000405208
0.000404518
0.00040383
0.000403143
0.000402459
0.000401776
0.000401095
0.000400416
0.000399738
0.000399062
0.000398388
0.000397715
0.000397045
0.000396376
0.000395708
0.000395043
0.000394397
0.000393771
0.000393146
0.000392523
0.000391902
0.000391281
0.000390663
0.000390045
0.000389429
0.000388815
0.000388202
0.00038759
0.000386979
0.000386371
0.000385763
0.000385157
0.000384552
0.000383949
0.000383347
0.000382746
0.000382147
0.000381549
0.000380953
0.000380358
0.000379764
0.000379172
0.00037858
0.000377991
0.000377402
0.000376815
0.00037623
0.000375646
0.000375063
0.000374481
0.000373901
0.000373322
0.000372744
0.000372167
0.000371592
0.000371019
0.000370446
0.000369875
0.000369305
0.000368737
0.000368169
0.000367603
0.000367039
0.000366475
0.000365913
0.000365352
0.000364793
0.000364234
0.000363677
0.000363121
0.000362567
0.000362014
0.000361462
0.000360911
0.000360361
0.000359813
0.000359266
0.00035872
0.000358175
0.000357632
0.00035709
0.000356549
0.000356009
0.00035547
0.000354933
0.000354397
0.000353862
0.000353328
0.000352796
0.000352266
0.000351763
0.00035126
0.000350759
0.000350259
0.00034976
0.000349262
0.000348765
0.000348269
0.000347774
0.00034728
0.000346787
0.000346295
0.000345804
0.000345314
0.000344824
0.000344336
0.000343849
0.000343363
0.000342878
0.000342394
0.000341911
0.000341428
0.000340947
0.000340467
0.000339987
0.000339509
0.000339032
0.000338555
0.00033808
0.000337605
0.000337132
0.000336659
0.000336187
0.000335717
0.000335247
0.000334778
0.00033431
0.000333843
0.000333377
0.000332912
0.000332448
0.000331985
0.000331522
0.000331061
0.0003306
0.000330141
0.000329682
0.000329224
0.000328768
0.000328312
0.000327857
0.000327403
0.000326949
0.000326497
0.000326046
0.000325595
0.000325145
0.000324697
0.000324249
0.000323802
0.000323356
0.000322911
0.000322466
0.000322023
0.00032158
0.000321139
0.000320698
0.000320258
0.000319819
0.000319381
0.000318943
0.000318507
0.000318071
0.000317636
0.000317202
0.000316769
0.000316337
0.000315906
0.000315475
0.000315045
0.000314635
0.000314227
0.000313819
0.000313412
0.000313006
0.0003126
0.000312196
0.000311792
0.000311388
0.000310986
0.000310584
0.000310183
0.000309782
0.000309383
0.000308984
0.000308585
0.000308188
0.000307791
0.000307394
0.000306999
0.000306604
0.00030621
0.000305816
0.000305424
0.000305032
0.00030464
0.00030425
0.00030386
0.00030347
0.000303082
0.000302694
0.000302306
0.00030192
0.000301534
0.000301148
0.000300764
0.00030038
0.000299997
0.000299614
0.000299232
0.000298851
0.00029847
0.00029809
0.000297711
0.000297333
0.000296955
0.000296577
0.000296201
0.000295825
0.000295449
0.000295075
0.000294701
0.000294327
0.000293954
0.000293582
0.000293211
0.00029284
0.00029247
0.0002921
0.000291731
0.000291363
0.000290996
0.000290629
0.000290262
0.000289896
0.000289531
0.000289167
0.000288803
0.00028844
0.000288077
0.000287715
0.000287354
0.000286993
0.000286633
0.000286273
0.000285914
0.000285556
0.000285198
0.000284841
0.000284485
0.000284129
0.000283774
0.000283419
0.000283065
0.000282712
0.000282359
0.000282007
0.000281655
0.000281304
0.000280953
0.000280612
0.000280277
0.000279942
0.000279608
0.000279274
0.000278941
0.000278608
0.000278276
0.000277945
0.000277613
0.000277283
0.000276953
0.000276623
0.000276294
0.000275965
0.000275637
0.000275309
0.000274982
0.000274655
0.000274329
0.000274004
0.000273678
0.000273354
0.000273029
0.000272706
0.000272383
0.00027206
0.000271738
0.000271416
0.000271095
0.000270774
0.000270454
0.000270134
0.000269814
0.000269496
0.000269177
0.000268859
0.000268542
0.000268225
0.000267909
0.000267593
0.000267277
0.000266962
0.000266648
0.000266334
0.00026602
0.000265707
0.000265394
0.000265082
0.00026477
0.000264459
0.000264148
0.000263838
0.000263528
0.000263219
0.00026291
0.000262601
0.000262293
0.000261986
0.000261679
0.000261372
0.000261066
0.00026076
0.000260455
0.00026015
0.000259846
0.000259542
0.000259238
0.000258935
0.000258633
0.000258331
0.000258029
0.000257728
0.000257427
0.000257127
0.000256827
0.000256528
0.000256229
0.00025593
0.000255632
0.000255334
0.000255037
0.00025474
0.000254444
0.000254148
0.000253852
0.000253557
0.000253263
0.000252969
0.000252675
0.000252382
0.000252089
0.000251796
0.000251504
0.000251213
0.000250921
0.000250631
0.00025034
0.00025005
0.000249761
0.000249472
0.000249183
0.000248895
0.000248607
0.00024832
0.000248033
0.000247746
0.00024746
0.000247183
0.000246907
0.000246631
0.000246356
0.000246081
0.000245806
0.000245532
0.000245258
0.000244985
0.000244712
0.000244439
0.000244166
0.000243894
0.000243623
0.000243351
0.00024308
0.00024281
0.000242539
0.000242269
0.000242
0.000241731
0.000241462
0.000241193
0.000240925
0.000240657
0.00024039
0.000240123
0.000239856
0.00023959
0.000239323
0.000239058
0.000238792
0.000238527
0.000238263
0.000237998
0.000237734
0.000237471
0.000237207
0.000236944
0.000236682
0.00023642
0.000236158
0.000235896
0.000235635
0.000235374
0.000235113
0.000234853
0.000234593
0.000234334
0.000234074
0.000233815
0.000233557
0.000233299
0.000233041
0.000232783
0.000232526
0.000232269
0.000232013
0.000231756
0.000231501
0.000231245
0.00023099
0.000230735
0.00023048
0.000230226
0.000229972
0.000229719
0.000229465
0.000229212
0.00022896
0.000228707
0.000228455
0.000228204
0.000227953
0.000227702
0.000227451
0.0002272
0.00022695
0.000226701
0.000226451
0.000226202
0.000225954
0.000225705
0.000225457
0.000225209
0.000224962
0.000224715
0.000224468
0.000224221
0.000223975
0.000223729
0.000223483
0.000223238
0.000222993
0.000222749
0.000222504
0.00022226
0.000222016
0.000221773
0.00022153
0.000221287
0.000221045
0.000220802
0.000220561
0.000220319
0.000220078
0.000219837
0.000219596
0.000219356
0.000219116
0.000218876
0.000218637
0.000218397
0.000218159
0.00021792
0.000217682
0.000217444
0.000217206
0.000216969
0.000216732
0.000216495
0.000216259
0.000216023
0.000215787
0.000215551
0.000215316
0.000215081
0.000214846
0.000214612
0.000214378
0.000214144
0.000213911
0.000213678
0.000213445
0.000213212
0.00021298
0.000212748
0.000212516
0.000212284
0.000212053
0.000211822
0.000211592
0.000211366
0.000211141
0.000210917
0.000210693
0.000210469
0.000210245
0.000210022
0.000209799
0.000209576
0.000209353
0.000209131
0.000208908
0.000208687
0.000208465
0.000208244
0.000208022
0.000207802
0.000207581
0.000207361
0.000207141
0.000206921
0.000206701
0.000206482
0.000206263
0.000206044
0.000205825
0.000205607
0.000205389
0.000205171
0.000204953
0.000204736
0.000204519
0.000204302
0.000204086
0.000203869
0.000203653
0.000203437
0.000203222
0.000203006
0.000202791
0.000202576
0.000202362
0.000202147
0.000201933
0.000201719
0.000201506
0.000201292
0.000201079
0.000200866
0.000200654
0.000200441
0.000200229
0.000200017
0.000199805
0.000199594
0.000199383
0.000199172
0.000198961
0.00019875
0.00019854
0.00019833
0.00019812
0.000197911
0.000197702
0.000197493
0.000197284
0.000197075
0.000196867
0.000196659
0.000196451
0.000196243
0.000196036
0.000195829
0.000195622
0.000195415
0.000195209
0.000195002
0.000194796
0.000194591
0.000194385
0.00019418
0.000193975
0.00019377
0.000193565
0.000193361
0.000193157
0.000192953
0.000192749
0.000192546
0.000192342
0.000192139
0.000191937
0.000191734
0.000191532
0.00019133
0.000191128
0.000190926
0.000190725
0.000190524
0.000190323
0.000190122
0.000189922
0.000189721
0.000189521
0.000189322
0.000189122
0.000188923
0.000188724
0.000188525
0.000188326
0.000188128
0.000187929
0.000187731
0.000187534
0.000187336
0.000187139
0.000186942
0.000186745
0.000186548
0.000186352
0.000186155
0.000185959
0.000185763
0.000185568
0.000185373
0.000185177
0.000184982
0.000184788
0.000184593
0.000184399
0.000184205
0.000184011
0.000183818
0.000183624
0.000183431
0.000183238
0.000183045
0.000182853
0.00018266
0.000182468
0.000182276
0.000182085
0.000181893
0.000181702
0.000181511
0.00018132
0.00018113
0.000180939
0.000180749
0.000180559
0.000180369
0.00018018
0.000179991
0.000179801
0.000179613
0.000179424
0.000179235
0.000179047
0.000178859
0.000178671
0.000178484
0.000178296
0.000178109
0.000177922
0.000177735
0.000177548
0.000177362
0.000177176
0.00017699
0.000176804
0.000176619
0.000176433
0.000176248
0.000176063
0.000175878
0.000175694
0.000175509
0.000175325
0.000175141
0.000174958
0.000174774
0.000174591
0.000174408
0.000174225
0.000174042
0.00017386
0.000173677
0.000173495
0.000173313
0.000173132
0.00017295
0.000172769
0.000172588
0.000172407
0.000172226
0.000172046
0.000171865
0.000171685
0.000171505
0.000171326
0.000171146
0.000170967
0.000170788
0.000170609
0.00017043
0.000170252
0.000170073
0.000169895
0.000169717
0.00016954
0.000169362
0.000169185
0.000169008
0.000168831
0.000168654
0.000168477
0.000168301
0.000168125
0.000167949
0.000167773
0.000167598
0.000167422
0.000167247
0.000167072
0.000166897
0.000166723
0.000166548
0.000166374
0.0001662
0.000166026
0.000165852
0.00016568
0.000165509
0.000165338
0.000165167
0.000164996
0.000164826
0.000164656
0.000164485
0.000164316
0.000164146
0.000163976
0.000163807
0.000163638
0.000163469
0.0001633
0.000163131
0.000162962
0.000162794
0.000162626
0.000162458
0.00016229
0.000162123
0.000161955
0.000161788
0.000161621
0.000161454
0.000161287
0.00016112
0.000160954
0.000160788
0.000160622
0.000160456
0.00016029
0.000160125
0.000159959
0.000159794
0.000159629
0.000159464
0.000159299
0.000159135
0.000158971
0.000158806
0.000158642
0.000158479
0.000158315
0.000158152
0.000157988
0.000157825
0.000157662
0.000157499
0.000157337
0.000157174
0.000157012
0.00015685
0.000156688
0.000156526
0.000156365
0.000156203
0.000156042
0.000155881
0.00015572
0.000155559
0.000155399
0.000155238
0.000155078
0.000154918
0.000154758
0.000154598
0.000154439
0.000154279
0.00015412
0.000153961
0.000153802
0.000153643
0.000153485
0.000153326
0.000153168
0.00015301
0.000152852
0.000152694
0.000152537
0.000152379
0.000152222
0.000152065
0.000151908
0.000151751
0.000151594
0.000151438
0.000151282
0.000151126
0.00015097
0.000150814
0.000150658
0.000150503
0.000150347
0.000150192
0.000150037
0.000149883
0.000149728
0.000149573
0.000149419
0.000149265
0.000149111
0.000148957
0.000148803
0.00014865
0.000148496
0.000148343
0.00014819
0.000148037
0.000147885
0.000147732
0.00014758
0.000147427
0.000147275
0.000147123
0.000146972
0.00014682
0.000146669
0.000146517
0.000146366
0.000146215
0.000146064
0.000145914
0.000145763
0.000145613
0.000145463
0.000145313
0.000145163
0.000145013
0.000144863
0.000144714
0.000144565
0.000144416
0.000144267
0.000144118
0.000143969
0.000143821
0.000143672
0.000143524
0.000143376
0.000143228
0.000143081
0.000142933
0.000142786
0.000142638
0.000142491
0.000142344
0.000142198
0.000142051
0.000141904
0.000141758
0.000141612
0.000141466
0.00014132
0.000141174
0.000141029
0.000140883
0.000140738
0.000140593
0.000140448
0.000140303
0.000140159
0.000140014
0.00013987
0.000139725
0.000139581
0.000139437
0.000139294
0.00013915
0.000139007
0.000138863
0.00013872
0.000138577
0.000138434
0.000138292
0.000138149
0.000138007
0.000137864
0.000137722
0.00013758
0.000137438
0.000137297
0.000137155
0.000137014
0.000136873
0.000136731
0.000136591
0.00013645
0.000136309
0.000136169
0.000136028
0.000135888
0.000135748
0.000135608
0.000135468
0.000135329
0.000135189
0.00013505
0.000134911
0.000134772
0.000134633
0.000134494
0.000134355
0.000134217
0.000134079
0.00013394
0.000133802
0.000133664
0.000133527
0.000133389
0.000133252
0.000133114
0.000132977
0.00013284
0.000132703
0.000132566
0.00013243
0.000132293
0.000132157
0.000132021
0.000131885
0.000131749
0.000131613
0.000131477
0.000131342
0.000131207
0.000131071
0.000130936
0.000130802
0.000130667
0.000130532
0.000130398
0.000130263
0.000130129
0.000129995
0.000129861
0.000129727
0.000129594
0.00012946
0.000129327
0.000129193
0.00012906
0.000128927
0.000128795
0.000128662
0.000128529
0.000128397
0.000128265
0.000128132
0.000128
0.000127869
0.000127737
0.000127605
0.000127474
0.000127342
0.000127211
0.00012708
0.000126949
0.000126819
0.000126688
0.000126557
0.000126427
0.000126297
0.000126167
0.000126037
0.000125907
0.000125777
0.000125648
0.000125518
0.000125389
0.00012526
0.000125131
0.000125002
0.000124873
0.000124745
0.000124616
0.000124488
0.00012436
0.000124231
0.000124103
0.000123976
0.000123848
0.00012372
0.000123593
0.000123466
0.000123339
0.000123212
0.000123085
0.000122958
0.000122831
0.000122705
0.000122578
0.000122452
0.000122326
0.0001222
0.000122074
0.000121948
0.000121823
0.000121697
0.000121572
0.000121447
0.000121322
0.000121197
0.000121072
0.000120947
0.000120823
0.000120698
0.000120574
0.00012045
0.000120326
0.000120202
0.000120078
0.000119955
0.000119831
0.000119708
0.000119585
0.000119461
0.000119338
0.000119216
0.000119093
0.00011897
0.000118848
0.000118725
0.000118603
0.000118481
0.000118359
0.000118237
0.000118115
0.000117994
0.000117872
0.000117751
0.00011763
0.000117509
0.000117388
0.000117267
0.000117146
0.000117025
0.000116905
0.000116785
0.000116664
0.000116544
0.000116424
0.000116304
0.000116185
0.000116065
0.000115946
0.000115826
0.000115707
0.000115588
0.000115469
0.00011535
0.000115231
0.000115113
0.000114994
0.000114876
0.000114757
0.000114639
0.000114521
0.000114403
0.000114286
0.000114168
0.00011405
0.000113933
0.000113816
0.000113699
0.000113582
0.000113465
0.000113348
0.000113231
0.000113115
0.000112998
0.000112882
0.000112766
0.00011265
0.000112534
0.000112418
0.000112302
0.000112187
0.000112071
0.000111956
0.000111841
0.000111725
0.00011161
0.000111496
0.000111381
0.000111266
0.000111152
0.000111037
0.000110923
0.000110809
0.000110695
0.000110581
0.000110467
0.000110353
0.00011024
0.000110126
0.000110013
0.0001099
0.000109787
0.000109674
0.000109561
0.000109448
0.000109335
0.000109223
0.000109111
0.000108998
0.000108886
0.000108774
0.000108662
0.00010855
0.000108439
0.000108327
0.000108215
0.000108104
0.000107993
0.000107882
0.000107771
0.00010766
0.000107549
0.000107438
0.000107328
0.000107217
0.000107107
0.000106997
0.000106887
0.000106777
0.000106667
0.000106557
0.000106447
0.000106338
0.000106228
0.000106119
0.00010601
0.000105901
0.000105792
0.000105683
0.000105574
0.000105466
0.000105357
0.000105249
0.00010514
0.000105032
0.000104924
0.000104816
0.000104708
0.000104601
0.000104493
0.000104386
0.000104278
0.000104171
0.000104064
0.000103957
0.00010385
0.000103743
0.000103636
0.000103529
0.000103423
0.000103317
0.00010321
0.000103104
0.000102998
0.000102892
0.000102786
0.00010268
0.000102575
0.000102469
0.000102364
0.000102259
0.000102153
0.000102048
0.000101943
0.000101838
0.000101734
0.000101629
0.000101524
0.00010142
0.000101316
0.000101211
0.000101107
0.000101003
0.000100899
0.000100796
0.000100692
0.000100588
0.000100485
0.000100381
0.000100278
0.000100175
0.000100072
9.9969e-05
9.98661e-05
9.97634e-05
9.96608e-05
9.95583e-05
9.94558e-05
9.93535e-05
9.92513e-05
9.91492e-05
9.90472e-05
9.89454e-05
9.88436e-05
9.87419e-05
9.86403e-05
9.85389e-05
9.84375e-05
9.83363e-05
9.82351e-05
9.81341e-05
9.80331e-05
9.79323e-05
9.78315e-05
9.77309e-05
9.76304e-05
9.753e-05
9.74296e-05
9.73294e-05
9.72293e-05
9.71293e-05
9.70294e-05
9.69296e-05
9.68299e-05
9.67303e-05
9.66308e-05
9.65314e-05
9.64321e-05
9.63329e-05
9.62339e-05
9.61349e-05
9.6036e-05
9.59372e-05
9.58385e-05
9.574e-05
9.56415e-05
9.55431e-05
9.54449e-05
9.53467e-05
9.52486e-05
9.51507e-05
9.50528e-05
9.4955e-05
9.48574e-05
9.47598e-05
9.46624e-05
9.4565e-05
9.44677e-05
9.43706e-05
9.42735e-05
9.41766e-05
9.40797e-05
9.39829e-05
9.38863e-05
9.37897e-05
9.36933e-05
9.35969e-05
9.35007e-05
9.34045e-05
9.33084e-05
9.32125e-05
9.31166e-05
9.30208e-05
9.29252e-05
9.28296e-05
9.27341e-05
9.26388e-05
9.25435e-05
9.24483e-05
9.23533e-05
9.22583e-05
9.21634e-05
9.20686e-05
9.19739e-05
9.18793e-05
9.17849e-05
9.16905e-05
9.15962e-05
9.1502e-05
9.14079e-05
9.13139e-05
9.122e-05
9.11262e-05
9.10325e-05
9.09388e-05
9.08453e-05
9.07519e-05
9.06586e-05
9.05654e-05
9.04722e-05
9.03792e-05
9.02862e-05
9.01934e-05
9.01007e-05
9.0008e-05
8.99154e-05
8.9823e-05
8.97306e-05
8.96383e-05
8.95462e-05
8.94541e-05
8.93621e-05
8.92702e-05
8.91784e-05
8.90867e-05
8.89951e-05
8.89036e-05
8.88122e-05
8.87208e-05
8.86296e-05
8.85385e-05
8.84474e-05
8.83565e-05
8.82656e-05
8.81749e-05
8.80842e-05
8.79936e-05
8.79032e-05
8.78128e-05
8.77225e-05
8.76323e-05
8.75422e-05
8.74522e-05
8.73622e-05
8.72724e-05
8.71827e-05
8.7093e-05
8.70035e-05
8.6914e-05
8.68246e-05
8.67354e-05
8.66462e-05
8.65571e-05
8.64681e-05
8.63792e-05
8.62904e-05
8.62016e-05
8.6113e-05
8.60245e-05
8.5936e-05
8.58477e-05
8.57594e-05
8.56712e-05
8.55831e-05
8.54951e-05
8.54072e-05
8.53194e-05
8.52317e-05
8.51441e-05
8.50565e-05
8.49691e-05
8.48817e-05
8.47944e-05
8.47073e-05
8.46202e-05
8.45332e-05
8.44462e-05
8.43594e-05
8.42727e-05
8.4186e-05
8.40995e-05
8.4013e-05
8.39266e-05
8.38404e-05
8.37542e-05
8.36681e-05
8.3582e-05
8.34961e-05
8.34103e-05
8.33245e-05
8.32388e-05
8.31533e-05
8.30678e-05
8.29824e-05
8.2897e-05
8.28118e-05
8.27267e-05
8.26416e-05
8.25567e-05
8.24718e-05
8.2387e-05
8.23023e-05
8.22177e-05
8.21332e-05
8.20487e-05
8.19644e-05
8.18801e-05
8.17959e-05
8.17118e-05
8.16278e-05
8.15439e-05
8.14601e-05
8.13763e-05
8.12927e-05
8.12091e-05
8.11256e-05
8.10422e-05
8.09589e-05
8.08757e-05
8.07925e-05
8.07095e-05
8.06265e-05
8.05436e-05
8.04608e-05
8.03781e-05
8.02955e-05
8.02129e-05
8.01304e-05
8.00481e-05
7.99658e-05
7.98836e-05
7.98014e-05
7.97194e-05
7.96375e-05
7.95556e-05
7.94738e-05
7.93921e-05
7.93105e-05
7.9229e-05
7.91475e-05
7.90662e-05
7.89849e-05
7.89037e-05
7.88226e-05
7.87415e-05
7.86606e-05
7.85797e-05
7.84989e-05
7.84183e-05
7.83376e-05
7.82571e-05
7.81767e-05
7.80963e-05
7.8016e-05
7.79358e-05
7.78557e-05
7.77757e-05
7.76957e-05
7.76159e-05
7.75361e-05
7.74564e-05
7.73767e-05
7.72972e-05
7.72177e-05
7.71384e-05
7.70591e-05
7.69799e-05
7.69007e-05
7.68217e-05
7.67427e-05
7.66638e-05
7.6585e-05
7.65063e-05
7.64277e-05
7.63491e-05
7.62706e-05
7.61922e-05
7.61139e-05
7.60357e-05
7.59575e-05
7.58794e-05
7.58014e-05
7.57235e-05
7.56457e-05
7.55679e-05
7.54902e-05
7.54126e-05
7.53351e-05
7.52577e-05
7.51803e-05
7.5103e-05
7.50258e-05
7.49487e-05
7.48717e-05
7.47947e-05
7.47178e-05
7.4641e-05
7.45643e-05
7.44877e-05
7.44111e-05
7.43346e-05
7.42582e-05
7.41819e-05
7.41056e-05
7.40295e-05
7.39534e-05
7.38774e-05
7.38014e-05
7.37256e-05
7.36498e-05
7.35741e-05
7.34985e-05
7.34229e-05
7.33474e-05
7.32721e-05
7.31967e-05
7.31215e-05
7.30464e-05
7.29713e-05
7.28963e-05
7.28213e-05
7.27465e-05
7.26717e-05
7.2597e-05
7.25224e-05
7.24479e-05
7.23734e-05
7.2299e-05
7.22247e-05
7.21505e-05
7.20763e-05
7.20022e-05
7.19282e-05
7.18543e-05
7.17804e-05
7.17067e-05
7.1633e-05
7.15593e-05
7.14858e-05
7.14123e-05
7.13389e-05
7.12656e-05
7.11923e-05
7.11192e-05
7.10461e-05
7.0973e-05
7.09001e-05
7.08272e-05
7.07544e-05
7.06817e-05
7.06091e-05
7.05365e-05
7.0464e-05
7.03916e-05
7.03192e-05
7.0247e-05
7.01748e-05
7.01026e-05
7.00306e-05
6.99586e-05
6.98867e-05
6.98149e-05
6.97431e-05
6.96714e-05
6.95998e-05
6.95283e-05
6.94568e-05
6.93855e-05
6.93141e-05
6.92429e-05
6.91717e-05
6.91006e-05
6.90296e-05
6.89587e-05
6.88878e-05
6.8817e-05
6.87463e-05
6.86756e-05
6.8605e-05
6.85345e-05
6.84641e-05
6.83937e-05
6.83234e-05
6.82532e-05
6.81831e-05
6.8113e-05
6.8043e-05
6.79731e-05
6.79032e-05
6.78334e-05
6.77637e-05
6.76941e-05
6.76245e-05
6.7555e-05
6.74856e-05
6.74162e-05
6.73469e-05
6.72777e-05
6.72086e-05
6.71395e-05
6.70705e-05
6.70016e-05
6.69327e-05
6.68639e-05
6.67952e-05
6.67265e-05
6.6658e-05
6.65895e-05
6.6521e-05
6.64527e-05
6.63844e-05
6.63161e-05
6.6248e-05
6.61799e-05
6.61119e-05
6.60439e-05
6.59761e-05
6.59083e-05
6.58405e-05
6.57729e-05
6.57053e-05
6.56377e-05
6.55703e-05
6.55029e-05
6.54356e-05
6.53683e-05
6.53012e-05
6.52341e-05
6.5167e-05
6.51e-05
6.50331e-05
6.49663e-05
6.48995e-05
6.48328e-05
6.47662e-05
6.46997e-05
6.46332e-05
6.45667e-05
6.45004e-05
6.44341e-05
6.43679e-05
6.43017e-05
6.42357e-05
6.41696e-05
6.41037e-05
6.40378e-05
6.3972e-05
6.39063e-05
6.38406e-05
6.3775e-05
6.37094e-05
6.3644e-05
6.35786e-05
6.35132e-05
6.3448e-05
6.33828e-05
6.33176e-05
6.32525e-05
6.31875e-05
6.31226e-05
6.30577e-05
6.29929e-05
6.29282e-05
6.28635e-05
6.27989e-05
6.27344e-05
6.26699e-05
6.26055e-05
6.25412e-05
6.24769e-05
6.24127e-05
6.23486e-05
6.22845e-05
6.22205e-05
6.21566e-05
6.20927e-05
6.20289e-05
6.19651e-05
6.19015e-05
6.18378e-05
6.17743e-05
6.17108e-05
6.16474e-05
6.15841e-05
6.15208e-05
6.14575e-05
6.13944e-05
6.13313e-05
6.12683e-05
6.12053e-05
6.11424e-05
6.10796e-05
6.10168e-05
6.09541e-05
6.08915e-05
6.08289e-05
6.07664e-05
6.0704e-05
6.06416e-05
6.05793e-05
6.0517e-05
6.04548e-05
6.03927e-05
6.03306e-05
6.02686e-05
6.02067e-05
6.01448e-05
6.0083e-05
6.00213e-05
5.99596e-05
5.9898e-05
5.98364e-05
5.9775e-05
5.97135e-05
5.96522e-05
5.95909e-05
5.95296e-05
5.94685e-05
5.94073e-05
5.93463e-05
5.92853e-05
5.92244e-05
5.91635e-05
5.91027e-05
5.9042e-05
5.89813e-05
5.89207e-05
5.88602e-05
5.87997e-05
5.87393e-05
5.86789e-05
5.86186e-05
5.85584e-05
5.84982e-05
5.84381e-05
5.8378e-05
5.83181e-05
5.82581e-05
5.81983e-05
5.81385e-05
5.80787e-05
5.8019e-05
5.79594e-05
5.78999e-05
5.78404e-05
5.77809e-05
5.77216e-05
5.76622e-05
5.7603e-05
5.75438e-05
5.74847e-05
5.74256e-05
5.73666e-05
5.73076e-05
5.72488e-05
5.71899e-05
5.71312e-05
5.70725e-05
5.70138e-05
5.69552e-05
5.68967e-05
5.68382e-05
5.67798e-05
5.67215e-05
5.66632e-05
5.6605e-05
5.65468e-05
5.64887e-05
5.64307e-05
5.63727e-05
5.63147e-05
5.62569e-05
5.61991e-05
5.61413e-05
5.60836e-05
5.6026e-05
5.59684e-05
5.59109e-05
5.58535e-05
5.57961e-05
5.57388e-05
5.56815e-05
5.56243e-05
5.55671e-05
5.551e-05
5.5453e-05
5.5396e-05
5.53391e-05
5.52822e-05
5.52254e-05
5.51687e-05
5.5112e-05
5.50553e-05
5.49988e-05
5.49423e-05
5.48858e-05
5.48294e-05
5.47731e-05
5.47168e-05
5.46606e-05
5.46044e-05
5.45483e-05
5.44922e-05
5.44362e-05
5.43803e-05
5.43244e-05
5.42686e-05
5.42128e-05
5.41571e-05
5.41015e-05
5.40459e-05
5.39904e-05
5.39349e-05
5.38795e-05
5.38241e-05
5.37688e-05
5.37136e-05
5.36584e-05
5.36032e-05
5.35482e-05
5.34931e-05
5.34382e-05
5.33833e-05
5.33284e-05
5.32736e-05
5.32189e-05
5.31642e-05
5.31096e-05
5.3055e-05
5.30005e-05
5.2946e-05
5.28916e-05
5.28373e-05
5.2783e-05
5.27287e-05
5.26746e-05
5.26204e-05
5.25664e-05
5.25124e-05
5.24584e-05
5.24045e-05
5.23507e-05
5.22969e-05
5.22431e-05
5.21894e-05
5.21358e-05
5.20823e-05
5.20287e-05
5.19753e-05
5.19219e-05
5.18685e-05
5.18152e-05
5.1762e-05
5.17088e-05
5.16557e-05
5.16026e-05
5.15496e-05
5.14966e-05
5.14437e-05
5.13908e-05
5.1338e-05
5.12853e-05
5.12326e-05
5.11799e-05
5.11274e-05
5.10748e-05
5.10223e-05
5.09699e-05
5.09176e-05
5.08652e-05
5.0813e-05
5.07608e-05
5.07086e-05
5.06565e-05
5.06045e-05
5.05525e-05
5.05005e-05
5.04486e-05
5.03968e-05
5.0345e-05
5.02933e-05
5.02416e-05
5.019e-05
5.01384e-05
5.00869e-05
5.00354e-05
4.9984e-05
4.99327e-05
4.98814e-05
4.98301e-05
4.97789e-05
4.97278e-05
4.96767e-05
4.96256e-05
4.95746e-05
4.95237e-05
4.94728e-05
4.9422e-05
4.93712e-05
4.93205e-05
4.92698e-05
4.92192e-05
4.91686e-05
4.91181e-05
4.90676e-05
4.90172e-05
4.89668e-05
4.89165e-05
4.88663e-05
4.88161e-05
4.87659e-05
4.87158e-05
4.86658e-05
4.86157e-05
4.85658e-05
4.85159e-05
4.8466e-05
4.84163e-05
4.83665e-05
4.83168e-05
4.82672e-05
4.82176e-05
4.8168e-05
4.81185e-05
4.80691e-05
4.80197e-05
4.79704e-05
4.79211e-05
4.78719e-05
4.78227e-05
4.77735e-05
4.77244e-05
4.76754e-05
4.76264e-05
4.75775e-05
4.75286e-05
4.74798e-05
4.7431e-05
4.73823e-05
4.73336e-05
4.72849e-05
4.72364e-05
4.71878e-05
4.71393e-05
4.70909e-05
4.70425e-05
4.69942e-05
4.69459e-05
4.68977e-05
4.68495e-05
4.68014e-05
4.67533e-05
4.67052e-05
4.66572e-05
4.66093e-05
4.65614e-05
4.65136e-05
4.64658e-05
4.6418e-05
4.63704e-05
4.63227e-05
4.62751e-05
4.62276e-05
4.61801e-05
4.61326e-05
4.60852e-05
4.60379e-05
4.59906e-05
4.59433e-05
4.58961e-05
4.5849e-05
4.58019e-05
4.57548e-05
4.57078e-05
4.56608e-05
4.56139e-05
4.5567e-05
4.55202e-05
4.54735e-05
4.54267e-05
4.53801e-05
4.53334e-05
4.52869e-05
4.52403e-05
4.51939e-05
4.51474e-05
4.5101e-05
4.50547e-05
4.50084e-05
4.49622e-05
4.4916e-05
4.48698e-05
4.48237e-05
4.47777e-05
4.47317e-05
4.46857e-05
4.46398e-05
4.45939e-05
4.45481e-05
4.45023e-05
4.44566e-05
4.44109e-05
4.43653e-05
4.43197e-05
4.42742e-05
4.42287e-05
4.41833e-05
4.41379e-05
4.40925e-05
4.40472e-05
4.4002e-05
4.39568e-05
4.39116e-05
4.38665e-05
4.38214e-05
4.37764e-05
4.37314e-05
4.36865e-05
4.36416e-05
4.35968e-05
4.3552e-05
4.35072e-05
4.34625e-05
4.34179e-05
4.33733e-05
4.33287e-05
4.32842e-05
4.32397e-05
4.31953e-05
4.31509e-05
4.31066e-05
4.30623e-05
4.3018e-05
4.29738e-05
4.29297e-05
4.28856e-05
4.28415e-05
4.27975e-05
4.27535e-05
4.27096e-05
4.26657e-05
4.26219e-05
4.25781e-05
4.25344e-05
4.24907e-05
4.2447e-05
4.24034e-05
4.23598e-05
4.23163e-05
4.22728e-05
4.22294e-05
4.2186e-05
4.21427e-05
4.20994e-05
4.20561e-05
4.20129e-05
4.19697e-05
4.19266e-05
4.18835e-05
4.18405e-05
4.17975e-05
4.17546e-05
4.17117e-05
4.16688e-05
4.1626e-05
4.15833e-05
4.15405e-05
4.14978e-05
4.14552e-05
4.14126e-05
4.13701e-05
4.13276e-05
4.12851e-05
4.12427e-05
4.12003e-05
4.1158e-05
4.11157e-05
4.10735e-05
4.10313e-05
4.09891e-05
4.0947e-05
4.09049e-05
4.08629e-05
4.08209e-05
4.0779e-05
4.07371e-05
4.06952e-05
4.06534e-05
4.06117e-05
4.05699e-05
4.05282e-05
4.04866e-05
4.0445e-05
4.04035e-05
4.0362e-05
4.03205e-05
4.02791e-05
4.02377e-05
4.01963e-05
4.0155e-05
4.01138e-05
4.00726e-05
4.00314e-05
3.99903e-05
3.99492e-05
3.99081e-05
3.98671e-05
3.98262e-05
3.97853e-05
3.97444e-05
3.97036e-05
3.96628e-05
3.9622e-05
3.95813e-05
3.95406e-05
3.95e-05
3.94594e-05
3.94189e-05
3.93784e-05
3.93379e-05
3.92975e-05
3.92572e-05
3.92168e-05
3.91765e-05
3.91363e-05
3.90961e-05
3.90559e-05
3.90158e-05
3.89757e-05
3.89357e-05
3.88957e-05
3.88557e-05
3.88158e-05
3.87759e-05
3.87361e-05
3.86963e-05
3.86565e-05
3.86168e-05
3.85771e-05
3.85375e-05
3.84979e-05
3.84583e-05
3.84188e-05
3.83794e-05
3.83399e-05
3.83005e-05
3.82612e-05
3.82219e-05
3.81826e-05
3.81434e-05
3.81042e-05
3.8065e-05
3.80259e-05
3.79869e-05
3.79478e-05
3.79089e-05
3.78699e-05
3.7831e-05
3.77921e-05
3.77533e-05
3.77145e-05
3.76758e-05
3.76371e-05
3.75984e-05
3.75598e-05
3.75212e-05
3.74826e-05
3.74441e-05
3.74057e-05
3.73672e-05
3.73288e-05
3.72905e-05
3.72522e-05
3.72139e-05
3.71757e-05
3.71375e-05
3.70993e-05
3.70612e-05
3.70231e-05
3.69851e-05
3.69471e-05
3.69091e-05
3.68712e-05
3.68333e-05
3.67955e-05
3.67577e-05
3.67199e-05
3.66822e-05
3.66445e-05
3.66069e-05
3.65693e-05
3.65317e-05
3.64942e-05
3.64567e-05
3.64192e-05
3.63818e-05
3.63444e-05
3.63071e-05
3.62698e-05
3.62325e-05
3.61953e-05
3.61581e-05
3.6121e-05
3.60838e-05
3.60468e-05
3.60097e-05
3.59727e-05
3.59358e-05
3.58989e-05
3.5862e-05
3.58251e-05
3.57883e-05
3.57516e-05
3.57148e-05
3.56782e-05
3.56415e-05
3.56049e-05
3.55683e-05
3.55318e-05
3.54953e-05
3.54588e-05
3.54224e-05
3.5386e-05
3.53496e-05
3.53133e-05
3.5277e-05
3.52408e-05
3.52046e-05
3.51684e-05
3.51323e-05
3.50962e-05
3.50601e-05
3.50241e-05
3.49881e-05
3.49522e-05
3.49163e-05
3.48804e-05
3.48446e-05
3.48088e-05
3.4773e-05
3.47373e-05
3.47016e-05
3.46659e-05
3.46303e-05
3.45947e-05
3.45592e-05
3.45237e-05
3.44882e-05
3.44528e-05
3.44174e-05
3.4382e-05
3.43467e-05
3.43114e-05
3.42762e-05
3.4241e-05
3.42058e-05
3.41706e-05
3.41355e-05
3.41005e-05
3.40654e-05
3.40304e-05
3.39955e-05
3.39606e-05
3.39257e-05
3.38908e-05
3.3856e-05
3.38212e-05
3.37865e-05
3.37518e-05
3.37171e-05
3.36824e-05
3.36478e-05
3.36133e-05
3.35787e-05
3.35442e-05
3.35098e-05
3.34753e-05
3.3441e-05
3.34066e-05
3.33723e-05
3.3338e-05
3.33037e-05
3.32695e-05
3.32354e-05
3.32012e-05
3.31671e-05
3.3133e-05
3.3099e-05
3.3065e-05
3.3031e-05
3.29971e-05
3.29632e-05
3.29293e-05
3.28955e-05
3.28617e-05
3.28279e-05
3.27942e-05
3.27605e-05
3.27269e-05
3.26932e-05
3.26596e-05
3.26261e-05
3.25926e-05
3.25591e-05
3.25256e-05
3.24922e-05
3.24588e-05
3.24255e-05
3.23922e-05
3.23589e-05
3.23257e-05
3.22924e-05
3.22593e-05
3.22261e-05
3.2193e-05
3.216e-05
3.21269e-05
3.20939e-05
3.20609e-05
3.2028e-05
3.19951e-05
3.19622e-05
3.19294e-05
3.18966e-05
3.18638e-05
3.18311e-05
3.17984e-05
3.17657e-05
3.17331e-05
3.17005e-05
3.16679e-05
3.16354e-05
3.16029e-05
3.15704e-05
3.1538e-05
3.15056e-05
3.14732e-05
3.14409e-05
3.14086e-05
3.13763e-05
3.13441e-05
3.13119e-05
3.12797e-05
3.12476e-05
3.12155e-05
3.11834e-05
3.11514e-05
3.11194e-05
3.10874e-05
3.10554e-05
3.10235e-05
3.09917e-05
3.09598e-05
3.0928e-05
3.08962e-05
3.08645e-05
3.08328e-05
3.08011e-05
3.07695e-05
3.07379e-05
3.07063e-05
3.06747e-05
3.06432e-05
3.06118e-05
3.05803e-05
3.05489e-05
3.05175e-05
3.04861e-05
3.04548e-05
3.04235e-05
3.03923e-05
3.03611e-05
3.03299e-05
3.02987e-05
3.02676e-05
3.02365e-05
3.02054e-05
3.01744e-05
3.01434e-05
3.01124e-05
3.00815e-05
3.00506e-05
3.00197e-05
2.99889e-05
2.99581e-05
2.99273e-05
2.98965e-05
2.98658e-05
2.98351e-05
2.98045e-05
2.97739e-05
2.97433e-05
2.97127e-05
2.96822e-05
2.96517e-05
2.96213e-05
2.95908e-05
2.95604e-05
2.95301e-05
2.94997e-05
2.94694e-05
2.94391e-05
2.94089e-05
2.93787e-05
2.93485e-05
2.93183e-05
2.92882e-05
2.92581e-05
2.92281e-05
2.91981e-05
2.91681e-05
2.91381e-05
2.91082e-05
2.90783e-05
2.90484e-05
2.90185e-05
2.89887e-05
2.89589e-05
2.89292e-05
2.88995e-05
2.88698e-05
2.88401e-05
2.88105e-05
2.87809e-05
2.87513e-05
2.87218e-05
2.86923e-05
2.86628e-05
2.86334e-05
2.86039e-05
2.85746e-05
2.85452e-05
2.85159e-05
2.84866e-05
2.84573e-05
2.84281e-05
2.83989e-05
2.83697e-05
2.83406e-05
2.83114e-05
2.82824e-05
2.82533e-05
2.82243e-05
2.81953e-05
2.81663e-05
2.81374e-05
2.81085e-05
2.80796e-05
2.80507e-05
2.80219e-05
2.79931e-05
2.79644e-05
2.79357e-05
2.7907e-05
2.78783e-05
2.78496e-05
2.7821e-05
2.77925e-05
2.77639e-05
2.77354e-05
2.77069e-05
2.76784e-05
2.765e-05
2.76216e-05
2.75932e-05
2.75649e-05
2.75365e-05
2.75082e-05
2.748e-05
2.74518e-05
2.74236e-05
2.73954e-05
2.73672e-05
2.73391e-05
2.7311e-05
2.7283e-05
2.72549e-05
2.72269e-05
2.7199e-05
2.7171e-05
2.71431e-05
2.71152e-05
2.70874e-05
2.70596e-05
2.70318e-05
2.7004e-05
2.69762e-05
2.69485e-05
2.69208e-05
2.68932e-05
2.68656e-05
2.6838e-05
2.68104e-05
2.67828e-05
2.67553e-05
2.67278e-05
2.67004e-05
2.6673e-05
2.66456e-05
2.66182e-05
2.65908e-05
2.65635e-05
2.65362e-05
2.6509e-05
2.64817e-05
2.64545e-05
2.64273e-05
2.64002e-05
2.63731e-05
2.6346e-05
2.63189e-05
2.62919e-05
2.62649e-05
2.62379e-05
2.62109e-05
2.6184e-05
2.61571e-05
2.61302e-05
2.61034e-05
2.60766e-05
2.60498e-05
2.6023e-05
2.59963e-05
2.59696e-05
2.59429e-05
2.59162e-05
2.58896e-05
2.5863e-05
2.58365e-05
2.58099e-05
2.57834e-05
2.57569e-05
2.57304e-05
2.5704e-05
2.56776e-05
2.56512e-05
2.56249e-05
2.55986e-05
2.55723e-05
2.5546e-05
2.55197e-05
2.54935e-05
2.54673e-05
2.54412e-05
2.5415e-05
2.53889e-05
2.53628e-05
2.53368e-05
2.53108e-05
2.52848e-05
2.52588e-05
2.52328e-05
2.52069e-05
2.5181e-05
2.51551e-05
2.51293e-05
2.51035e-05
2.50777e-05
2.50519e-05
2.50262e-05
2.50005e-05
2.49748e-05
2.49491e-05
2.49235e-05
2.48979e-05
2.48723e-05
2.48468e-05
2.48213e-05
2.47958e-05
2.47703e-05
2.47448e-05
2.47194e-05
2.4694e-05
2.46686e-05
2.46433e-05
2.4618e-05
2.45927e-05
2.45674e-05
2.45422e-05
2.4517e-05
2.44918e-05
2.44666e-05
2.44415e-05
2.44164e-05
2.43913e-05
2.43662e-05
2.43412e-05
2.43162e-05
2.42912e-05
2.42663e-05
2.42413e-05
2.42164e-05
2.41916e-05
2.41667e-05
2.41419e-05
2.41171e-05
2.40923e-05
2.40676e-05
2.40428e-05
2.40181e-05
2.39935e-05
2.39688e-05
2.39442e-05
2.39196e-05
2.3895e-05
2.38705e-05
2.38459e-05
2.38214e-05
2.3797e-05
2.37725e-05
2.37481e-05
2.37237e-05
2.36993e-05
2.3675e-05
2.36507e-05
2.36264e-05
2.36021e-05
2.35778e-05
2.35536e-05
2.35294e-05
2.35053e-05
2.34811e-05
2.3457e-05
2.34329e-05
2.34088e-05
2.33848e-05
2.33607e-05
2.33367e-05
2.33128e-05
2.32888e-05
2.32649e-05
2.3241e-05
2.32171e-05
2.31933e-05
2.31694e-05
2.31456e-05
2.31219e-05
2.30981e-05
2.30744e-05
2.30507e-05
2.3027e-05
2.30033e-05
2.29797e-05
2.29561e-05
2.29325e-05
2.2909e-05
2.28854e-05
2.28619e-05
2.28384e-05
2.2815e-05
2.27915e-05
2.27681e-05
2.27447e-05
2.27214e-05
2.2698e-05
2.26747e-05
2.26514e-05
2.26281e-05
2.26049e-05
2.25817e-05
2.25585e-05
2.25353e-05
2.25121e-05
2.2489e-05
2.24659e-05
2.24428e-05
2.24198e-05
2.23967e-05
2.23737e-05
2.23507e-05
2.23278e-05
2.23048e-05
2.22819e-05
2.2259e-05
2.22362e-05
2.22133e-05
2.21905e-05
2.21677e-05
2.21449e-05
2.21222e-05
2.20995e-05
2.20768e-05
2.20541e-05
2.20314e-05
2.20088e-05
2.19862e-05
2.19636e-05
2.1941e-05
2.19185e-05
2.1896e-05
2.18735e-05
2.1851e-05
2.18286e-05
2.18061e-05
2.17837e-05
2.17613e-05
2.1739e-05
2.17167e-05
2.16944e-05
2.16721e-05
2.16498e-05
2.16276e-05
2.16053e-05
2.15831e-05
2.1561e-05
2.15388e-05
2.15167e-05
2.14946e-05
2.14725e-05
2.14504e-05
2.14284e-05
2.14064e-05
2.13844e-05
2.13624e-05
2.13405e-05
2.13186e-05
2.12967e-05
2.12748e-05
2.12529e-05
2.12311e-05
2.12093e-05
2.11875e-05
2.11657e-05
2.1144e-05
2.11223e-05
2.11006e-05
2.10789e-05
2.10572e-05
2.10356e-05
2.1014e-05
2.09924e-05
2.09708e-05
2.09493e-05
2.09278e-05
2.09063e-05
2.08848e-05
2.08633e-05
2.08419e-05
2.08205e-05
2.07991e-05
2.07777e-05
2.07564e-05
2.07351e-05
2.07138e-05
2.06925e-05
2.06712e-05
2.065e-05
2.06288e-05
2.06076e-05
2.05864e-05
2.05653e-05
2.05441e-05
2.0523e-05
2.0502e-05
2.04809e-05
2.04599e-05
2.04388e-05
2.04178e-05
2.03969e-05
2.03759e-05
2.0355e-05
2.03341e-05
2.03132e-05
2.02923e-05
2.02715e-05
2.02506e-05
2.02298e-05
2.02091e-05
2.01883e-05
2.01676e-05
2.01468e-05
2.01261e-05
2.01055e-05
2.00848e-05
2.00642e-05
2.00436e-05
2.0023e-05
2.00024e-05
1.99818e-05
1.99613e-05
1.99408e-05
1.99203e-05
1.98999e-05
1.98794e-05
1.9859e-05
1.98386e-05
1.98182e-05
1.97979e-05
1.97775e-05
1.97572e-05
1.97369e-05
1.97166e-05
1.96964e-05
1.96761e-05
1.96559e-05
1.96357e-05
1.96156e-05
1.95954e-05
1.95753e-05
1.95552e-05
1.95351e-05
1.9515e-05
1.9495e-05
1.94749e-05
1.94549e-05
1.94349e-05
1.9415e-05
1.9395e-05
1.93751e-05
1.93552e-05
1.93353e-05
1.93155e-05
1.92956e-05
1.92758e-05
1.9256e-05
1.92362e-05
1.92164e-05
1.91967e-05
1.9177e-05
1.91573e-05
1.91376e-05
1.91179e-05
1.90983e-05
1.90787e-05
1.90591e-05
1.90395e-05
1.90199e-05
1.90004e-05
1.89809e-05
1.89614e-05
1.89419e-05
1.89224e-05
1.8903e-05
1.88836e-05
1.88642e-05
1.88448e-05
1.88254e-05
1.88061e-05
1.87868e-05
1.87675e-05
1.87482e-05
1.87289e-05
1.87097e-05
1.86905e-05
1.86713e-05
1.86521e-05
1.86329e-05
1.86138e-05
1.85947e-05
1.85756e-05
1.85565e-05
1.85374e-05
1.85184e-05
1.84994e-05
1.84804e-05
1.84614e-05
1.84424e-05
1.84235e-05
1.84045e-05
1.83856e-05
1.83667e-05
1.83479e-05
1.8329e-05
1.83102e-05
1.82914e-05
1.82726e-05
1.82538e-05
1.82351e-05
1.82163e-05
1.81976e-05
1.81789e-05
1.81602e-05
1.81416e-05
1.8123e-05
1.81043e-05
1.80857e-05
1.80672e-05
1.80486e-05
1.80301e-05
1.80115e-05
1.7993e-05
1.79745e-05
1.79561e-05
1.79376e-05
1.79192e-05
1.79008e-05
1.78824e-05
1.7864e-05
1.78457e-05
1.78274e-05
1.7809e-05
1.77907e-05
1.77725e-05
1.77542e-05
1.7736e-05
1.77177e-05
1.76995e-05
1.76814e-05
1.76632e-05
1.76451e-05
1.76269e-05
1.76088e-05
1.75907e-05
1.75727e-05
1.75546e-05
1.75366e-05
1.75186e-05
1.75006e-05
1.74826e-05
1.74646e-05
1.74467e-05
1.74288e-05
1.74109e-05
1.7393e-05
1.73751e-05
1.73572e-05
1.73394e-05
1.73216e-05
1.73038e-05
1.7286e-05
1.72683e-05
1.72505e-05
1.72328e-05
1.72151e-05
1.71974e-05
1.71798e-05
1.71621e-05
1.71445e-05
1.71269e-05
1.71093e-05
1.70917e-05
1.70741e-05
1.70566e-05
1.70391e-05
1.70216e-05
1.70041e-05
1.69866e-05
1.69692e-05
1.69517e-05
1.69343e-05
1.69169e-05
1.68995e-05
1.68822e-05
1.68648e-05
1.68475e-05
1.68302e-05
1.68129e-05
1.67956e-05
1.67784e-05
1.67611e-05
1.67439e-05
1.67267e-05
1.67095e-05
1.66924e-05
1.66752e-05
1.66581e-05
1.6641e-05
1.66239e-05
1.66068e-05
1.65898e-05
1.65727e-05
1.65557e-05
1.65387e-05
1.65217e-05
1.65047e-05
1.64878e-05
1.64708e-05
1.64539e-05
1.6437e-05
1.64201e-05
1.64032e-05
1.63864e-05
1.63696e-05
1.63527e-05
1.63359e-05
1.63192e-05
1.63024e-05
1.62856e-05
1.62689e-05
1.62522e-05
1.62355e-05
1.62188e-05
1.62022e-05
1.61855e-05
1.61689e-05
1.61523e-05
1.61357e-05
1.61191e-05
1.61026e-05
1.6086e-05
1.60695e-05
1.6053e-05
1.60365e-05
1.602e-05
1.60036e-05
1.59871e-05
1.59707e-05
1.59543e-05
1.59379e-05
1.59215e-05
1.59052e-05
1.58888e-05
1.58725e-05
1.58562e-05
1.58399e-05
1.58236e-05
1.58074e-05
1.57911e-05
1.57749e-05
1.57587e-05
1.57425e-05
1.57264e-05
1.57102e-05
1.56941e-05
1.56779e-05
1.56618e-05
1.56457e-05
1.56297e-05
1.56136e-05
1.55976e-05
1.55815e-05
1.55655e-05
1.55495e-05
1.55336e-05
1.55176e-05
1.55017e-05
1.54857e-05
1.54698e-05
1.54539e-05
1.54381e-05
1.54222e-05
1.54064e-05
1.53905e-05
1.53747e-05
1.53589e-05
1.53432e-05
1.53274e-05
1.53116e-05
1.52959e-05
1.52802e-05
1.52645e-05
1.52488e-05
1.52332e-05
1.52175e-05
1.52019e-05
1.51863e-05
1.51707e-05
1.51551e-05
1.51395e-05
1.5124e-05
1.51084e-05
1.50929e-05
1.50774e-05
1.50619e-05
1.50464e-05
1.5031e-05
1.50155e-05
1.50001e-05
1.49847e-05
1.49693e-05
1.49539e-05
1.49386e-05
1.49232e-05
1.49079e-05
1.48926e-05
1.48773e-05
1.4862e-05
1.48467e-05
1.48315e-05
1.48162e-05
1.4801e-05
1.47858e-05
1.47706e-05
1.47554e-05
1.47403e-05
1.47251e-05
1.471e-05
1.46949e-05
1.46798e-05
1.46647e-05
1.46497e-05
1.46346e-05
1.46196e-05
1.46046e-05
1.45896e-05
1.45746e-05
1.45596e-05
1.45446e-05
1.45297e-05
1.45148e-05
1.44999e-05
1.4485e-05
1.44701e-05
1.44552e-05
1.44404e-05
1.44255e-05
1.44107e-05
1.43959e-05
1.43811e-05
1.43663e-05
1.43516e-05
1.43368e-05
1.43221e-05
1.43074e-05
1.42927e-05
1.4278e-05
1.42633e-05
1.42487e-05
1.42341e-05
1.42194e-05
1.42048e-05
1.41902e-05
1.41757e-05
1.41611e-05
1.41465e-05
1.4132e-05
1.41175e-05
1.4103e-05
1.40885e-05
1.4074e-05
1.40596e-05
1.40451e-05
1.40307e-05
1.40163e-05
1.40019e-05
1.39875e-05
1.39731e-05
1.39588e-05
1.39444e-05
1.39301e-05
1.39158e-05
1.39015e-05
1.38872e-05
1.3873e-05
1.38587e-05
1.38445e-05
1.38302e-05
1.3816e-05
1.38018e-05
1.37877e-05
1.37735e-05
1.37594e-05
1.37452e-05
1.37311e-05
1.3717e-05
1.37029e-05
1.36888e-05
1.36748e-05
1.36607e-05
1.36467e-05
1.36327e-05
1.36187e-05
1.36047e-05
1.35907e-05
1.35767e-05
1.35628e-05
1.35488e-05
1.35349e-05
1.3521e-05
1.35071e-05
1.34933e-05
1.34794e-05
1.34655e-05
1.34517e-05
1.34379e-05
1.34241e-05
1.34103e-05
1.33965e-05
1.33828e-05
1.3369e-05
1.33553e-05
1.33416e-05
1.33279e-05
1.33142e-05
1.33005e-05
1.32868e-05
1.32732e-05
1.32595e-05
1.32459e-05
1.32323e-05
1.32187e-05
1.32051e-05
1.31916e-05
1.3178e-05
1.31645e-05
1.3151e-05
1.31374e-05
1.31239e-05
1.31105e-05
1.3097e-05
1.30835e-05
1.30701e-05
1.30567e-05
1.30433e-05
1.30299e-05
1.30165e-05
1.30031e-05
1.29897e-05
1.29764e-05
1.29631e-05
1.29498e-05
1.29365e-05
1.29232e-05
1.29099e-05
1.28966e-05
1.28834e-05
1.28701e-05
1.28569e-05
1.28437e-05
1.28305e-05
1.28173e-05
1.28042e-05
1.2791e-05
1.27779e-05
1.27647e-05
1.27516e-05
1.27385e-05
1.27254e-05
1.27124e-05
1.26993e-05
1.26863e-05
1.26732e-05
1.26602e-05
1.26472e-05
1.26342e-05
1.26212e-05
1.26083e-05
1.25953e-05
1.25824e-05
1.25695e-05
1.25565e-05
1.25436e-05
1.25308e-05
1.25179e-05
1.2505e-05
1.24922e-05
1.24793e-05
1.24665e-05
1.24537e-05
1.24409e-05
1.24281e-05
1.24154e-05
1.24026e-05
1.23899e-05
1.23771e-05
1.23644e-05
1.23517e-05
1.2339e-05
1.23264e-05
1.23137e-05
1.23011e-05
1.22884e-05
1.22758e-05
1.22632e-05
1.22506e-05
1.2238e-05
1.22254e-05
1.22129e-05
1.22003e-05
1.21878e-05
1.21753e-05
1.21628e-05
1.21503e-05
1.21378e-05
1.21253e-05
1.21129e-05
1.21004e-05
1.2088e-05
1.20756e-05
1.20632e-05
1.20508e-05
1.20384e-05
1.2026e-05
1.20137e-05
1.20013e-05
1.1989e-05
1.19767e-05
1.19644e-05
1.19521e-05
1.19398e-05
1.19275e-05
1.19153e-05
1.1903e-05
1.18908e-05
1.18786e-05
1.18664e-05
1.18542e-05
1.1842e-05
1.18299e-05
1.18177e-05
1.18056e-05
1.17934e-05
1.17813e-05
1.17692e-05
1.17571e-05
1.17451e-05
1.1733e-05
1.17209e-05
1.17089e-05
1.16969e-05
1.16849e-05
1.16728e-05
1.16609e-05
1.16489e-05
1.16369e-05
1.1625e-05
1.1613e-05
1.16011e-05
1.15892e-05
1.15773e-05
1.15654e-05
1.15535e-05
1.15416e-05
1.15298e-05
1.15179e-05
1.15061e-05
1.14943e-05
1.14825e-05
1.14707e-05
1.14589e-05
1.14471e-05
1.14353e-05
1.14236e-05
1.14119e-05
1.14001e-05
1.13884e-05
1.13767e-05
1.1365e-05
1.13534e-05
1.13417e-05
1.133e-05
1.13184e-05
1.13068e-05
1.12952e-05
1.12836e-05
1.1272e-05
1.12604e-05
1.12488e-05
1.12373e-05
1.12257e-05
1.12142e-05
1.12027e-05
1.11912e-05
1.11797e-05
1.11682e-05
1.11567e-05
1.11452e-05
1.11338e-05
1.11224e-05
1.11109e-05
1.10995e-05
1.10881e-05
1.10767e-05
1.10653e-05
1.1054e-05
1.10426e-05
1.10313e-05
1.10199e-05
1.10086e-05
1.09973e-05
1.0986e-05
1.09747e-05
1.09635e-05
1.09522e-05
1.09409e-05
1.09297e-05
1.09185e-05
1.09073e-05
1.08961e-05
1.08849e-05
1.08737e-05
1.08625e-05
1.08513e-05
1.08402e-05
1.08291e-05
1.08179e-05
1.08068e-05
1.07957e-05
1.07846e-05
1.07736e-05
1.07625e-05
1.07514e-05
1.07404e-05
1.07294e-05
1.07183e-05
1.07073e-05
1.06963e-05
1.06853e-05
1.06744e-05
1.06634e-05
1.06524e-05
1.06415e-05
1.06306e-05
1.06196e-05
1.06087e-05
1.05978e-05
1.05869e-05
1.05761e-05
1.05652e-05
1.05543e-05
1.05435e-05
1.05327e-05
1.05219e-05
1.0511e-05
1.05002e-05
1.04895e-05
1.04787e-05
1.04679e-05
1.04572e-05
1.04464e-05
1.04357e-05
1.0425e-05
1.04143e-05
1.04036e-05
1.03929e-05
1.03822e-05
1.03715e-05
1.03609e-05
1.03502e-05
1.03396e-05
1.0329e-05
1.03184e-05
1.03078e-05
1.02972e-05
1.02866e-05
1.0276e-05
1.02655e-05
1.02549e-05
1.02444e-05
1.02339e-05
1.02234e-05
1.02129e-05
1.02024e-05
1.01919e-05
1.01814e-05
1.0171e-05
1.01605e-05
1.01501e-05
1.01396e-05
1.01292e-05
1.01188e-05
1.01084e-05
1.0098e-05
1.00877e-05
1.00773e-05
1.00669e-05
1.00566e-05
1.00463e-05
1.0036e-05
1.00256e-05
1.00153e-05
1.00051e-05
9.99478e-06
