1.18888
1.13653
1.03012
0.997085
0.979878
0.916582
0.878779
0.832684
0.790262
0.754292
0.716662
0.680202
0.649284
0.618152
0.587415
0.559049
0.532984
0.507442
0.482608
0.459065
0.437616
0.416805
0.396697
0.377331
0.359224
0.342266
0.325932
0.310233
0.295169
0.280813
0.265353
0.249475
0.233687
0.218858
0.205199
0.190599
0.178206
0.16664
0.155521
0.144785
0.134699
0.126387
0.118118
0.110737
0.103893
0.0973122
0.0913169
0.0858116
0.0802713
0.0936888
0.0440886
0.0273066
0.035814
0.0271282
0.0274761
0.0266527
0.0236128
0.0154664
0.0122138
0.0136732
0.0184351
0.0134891
0.0152948
0.0131767
0.010338
0.00837951
0.00880709
0.0125543
0.00977168
0.00752499
0.00717881
0.00768779
0.00721329
0.00985385
0.00727649
0.0071786
0.00516504
0.00548005
0.00627978
0.00684824
0.00558089
0.00471663
0.00578598
0.00490548
0.00449274
0.00346617
0.00342406
0.00270893
0.00272151
0.00280811
0.00243838
0.00217911
0.00188365
0.00146811
0.00158108
0.00181152
0.00164545
0.00123714
0.00116784
0.00127086
0.00122708
0.00131339
0.0010375
0.000903243
0.000823495
0.000833234
0.000806821
0.000866811
0.000797569
0.000882938
0.00084771
0.000726535
0.00062942
0.000642727
0.000607006
0.000607355
0.000509993
0.000472195
0.000445915
0.000501474
0.000516144
0.000496322
0.000483048
0.000367914
0.000352694
0.000354646
0.000342973
0.00032175
0.000277299
0.000281778
0.000266035
0.000266427
0.000248712
0.000229894
0.00024074
0.000211519
0.000250807
0.000290115
0.000227072
0.000228105
0.000186149
0.000176395
0.000186131
0.000179186
0.000177471
0.00014329
0.00015337
0.000139333
0.000120595
0.000117045
0.000107554
9.78342e-05
9.53313e-05
9.47511e-05
8.10785e-05
7.48803e-05
6.46492e-05
5.74443e-05
5.96896e-05
6.4176e-05
5.63982e-05
5.6538e-05
5.36697e-05
4.83961e-05
4.43343e-05
4.12341e-05
4.55636e-05
3.98231e-05
3.44448e-05
3.50796e-05
3.45688e-05
3.76067e-05
3.20215e-05
3.05775e-05
3.33725e-05
3.73747e-05
3.61974e-05
2.93475e-05
2.44829e-05
2.54204e-05
2.75209e-05
2.77839e-05
2.47917e-05
2.21647e-05
2.33483e-05
2.30049e-05
2.03138e-05
1.8132e-05
1.76144e-05
2.00187e-05
1.94476e-05
1.82575e-05
1.83761e-05
1.6761e-05
1.52939e-05
1.41537e-05
1.39422e-05
1.36603e-05
1.29133e-05
1.35314e-05
1.46305e-05
1.36886e-05
1.24855e-05
1.12724e-05
1.04064e-05
1.02757e-05
1.07377e-05
1.03725e-05
1.00174e-05
8.38429e-06
