        0         0         0         0         0         0         0         0         0         0         0         0         0         0         0         0         0         0         0         0         0         0         0         0         0         0         0         0         0         0         0         0         0         0         0         0         0         0         0         0         0         0         0         0         0         0         0         0         0         0
0.0197851 0.0197851 0.0197851 0.0197851 0.0197851 0.0197851 0.0197851 0.0197851 0.0197851 0.0197851 0.0197851 0.0197851 0.0197851 0.0197851 0.0197851 0.0197851 0.0197851 0.0197851 0.0197851 0.0197851 0.0197851 0.0197851 0.0197851 0.0197851 0.0197851 0.0197851 0.0197851 0.0197851 0.0197851 0.0197851 0.0197851 0.0197851 0.0197851 0.0197851 0.0197851 0.0197851 0.0197851 0.0197851 0.0197851 0.0197851 0.0197851 0.0197851 0.0197851 0.0197851 0.0197851 0.0197851 0.0197851 0.0197851 0.0197851 0.0197851
0.0395728 0.0395728 0.0395728 0.0395728 0.0395728 0.0395728 0.0395728 0.0395728 0.0395728 0.0395728 0.0395728 0.0395728 0.0395728 0.0395728 0.0395728 0.0395728 0.0395728 0.0395728 0.0395728 0.0395728 0.0395728 0.0395728 0.0395728 0.0395728 0.0395728 0.0395728 0.0395728 0.0395728 0.0395728 0.0395728 0.0395728 0.0395728 0.0395728 0.0395728 0.0395728 0.0395728 0.0395728 0.0395728 0.0395728 0.0395728 0.0395728 0.0395728 0.0395728 0.0395728 0.0395728 0.0395728 0.0395728 0.0395728 0.0395728 0.0395728
0.0593656 0.0593656 0.0593656 0.0593656 0.0593656 0.0593656 0.0593656 0.0593656 0.0593656 0.0593656 0.0593656 0.0593656 0.0593656 0.0593656 0.0593656 0.0593656 0.0593656 0.0593656 0.0593656 0.0593656 0.0593656 0.0593656 0.0593656 0.0593656 0.0593656 0.0593656 0.0593656 0.0593656 0.0593656 0.0593656 0.0593656 0.0593656 0.0593656 0.0593656 0.0593656 0.0593656 0.0593656 0.0593656 0.0593656 0.0593656 0.0593656 0.0593656 0.0593656 0.0593656 0.0593656 0.0593656 0.0593656 0.0593656 0.0593656 0.0593656
0.0791661 0.0791661 0.0791661 0.0791661 0.0791661 0.0791661 0.0791661 0.0791661 0.0791661 0.0791661 0.0791661 0.0791661 0.0791661 0.0791661 0.0791661 0.0791661 0.0791661 0.0791661 0.0791661 0.0791661 0.0791661 0.0791661 0.0791661 0.0791661 0.0791661 0.0791661 0.0791661 0.0791661 0.0791661 0.0791661 0.0791661 0.0791661 0.0791661 0.0791661 0.0791661 0.0791661 0.0791661 0.0791661 0.0791661 0.0791661 0.0791661 0.0791661 0.0791661 0.0791661 0.0791661 0.0791661 0.0791661 0.0791661 0.0791661 0.0791661
0.0989767 0.0989767 0.0989767 0.0989767 0.0989767 0.0989767 0.0989767 0.0989767 0.0989767 0.0989767 0.0989767 0.0989767 0.0989767 0.0989767 0.0989767 0.0989767 0.0989767 0.0989767 0.0989767 0.0989767 0.0989767 0.0989767 0.0989767 0.0989767 0.0989767 0.0989767 0.0989767 0.0989767 0.0989767 0.0989767 0.0989767 0.0989767 0.0989767 0.0989767 0.0989767 0.0989767 0.0989767 0.0989767 0.0989767 0.0989767 0.0989767 0.0989767 0.0989767 0.0989767 0.0989767 0.0989767 0.0989767 0.0989767 0.0989767 0.0989767
   0.1188    0.1188    0.1188    0.1188    0.1188    0.1188    0.1188    0.1188    0.1188    0.1188    0.1188    0.1188    0.1188    0.1188    0.1188    0.1188    0.1188    0.1188    0.1188    0.1188    0.1188    0.1188    0.1188    0.1188    0.1188    0.1188    0.1188    0.1188    0.1188    0.1188    0.1188    0.1188    0.1188    0.1188    0.1188    0.1188    0.1188    0.1188    0.1188    0.1188    0.1188    0.1188    0.1188    0.1188    0.1188    0.1188    0.1188    0.1188    0.1188    0.1188
 0.138638  0.138638  0.138638  0.138638  0.138638  0.138638  0.138638  0.138638  0.138638  0.138638  0.138638  0.138638  0.138638  0.138638  0.138638  0.138638  0.138638  0.138638  0.138638  0.138638  0.138638  0.138638  0.138638  0.138638  0.138638  0.138638  0.138638  0.138638  0.138638  0.138638  0.138638  0.138638  0.138638  0.138638  0.138638  0.138638  0.138638  0.138638  0.138638  0.138638  0.138638  0.138638  0.138638  0.138638  0.138638  0.138638  0.138638  0.138638  0.138638  0.138638
 0.158494  0.158494  0.158494  0.158494  0.158494  0.158494  0.158494  0.158494  0.158494  0.158494  0.158494  0.158494  0.158494  0.158494  0.158494  0.158494  0.158494  0.158494  0.158494  0.158494  0.158494  0.158494  0.158494  0.158494  0.158494  0.158494  0.158494  0.158494  0.158494  0.158494  0.158494  0.158494  0.158494  0.158494  0.158494  0.158494  0.158494  0.158494  0.158494  0.158494  0.158494  0.158494  0.158494  0.158494  0.158494  0.158494  0.158494  0.158494  0.158494  0.158494
 0.178369  0.178369  0.178369  0.178369  0.178369  0.178369  0.178369  0.178369  0.178369  0.178369  0.178369  0.178369  0.178369  0.178369  0.178369  0.178369  0.178369  0.178369  0.178369  0.178369  0.178369  0.178369  0.178369  0.178369  0.178369  0.178369  0.178369  0.178369  0.178369  0.178369  0.178369  0.178369  0.178369  0.178369  0.178369  0.178369  0.178369  0.178369  0.178369  0.178369  0.178369  0.178369  0.178369  0.178369  0.178369  0.178369  0.178369  0.178369  0.178369  0.178369
 0.198266  0.198266  0.198266  0.198266  0.198266  0.198266  0.198266  0.198266  0.198266  0.198266  0.198266  0.198266  0.198266  0.198266  0.198266  0.198266  0.198266  0.198266  0.198266  0.198266  0.198266  0.198266  0.198266  0.198266  0.198266  0.198266  0.198266  0.198266  0.198266  0.198266  0.198266  0.198266  0.198266  0.198266  0.198266  0.198266  0.198266  0.198266  0.198266  0.198266  0.198266  0.198266  0.198266  0.198266  0.198266  0.198266  0.198266  0.198266  0.198266  0.198266
 0.218186  0.218186  0.218186  0.218186  0.218186  0.218186  0.218186  0.218186  0.218186  0.218186  0.218186  0.218186  0.218186  0.218186  0.218186  0.218186  0.218186  0.218186  0.218186  0.218186  0.218186  0.218186  0.218186  0.218186  0.218186  0.218186  0.218186  0.218186  0.218186  0.218186  0.218186  0.218186  0.218186  0.218186  0.218186  0.218186  0.218186  0.218186  0.218186  0.218186  0.218186  0.218186  0.218186  0.218186  0.218186  0.218186  0.218186  0.218186  0.218186  0.218186
 0.238133  0.238133  0.238133  0.238133  0.238133  0.238133  0.238133  0.238133  0.238133  0.238133  0.238133  0.238133  0.238133  0.238133  0.238133  0.238133  0.238133  0.238133  0.238133  0.238133  0.238133  0.238133  0.238133  0.238133  0.238133  0.238133  0.238133  0.238133  0.238133  0.238133  0.238133  0.238133  0.238133  0.238133  0.238133  0.238133  0.238133  0.238133  0.238133  0.238133  0.238133  0.238133  0.238133  0.238133  0.238133  0.238133  0.238133  0.238133  0.238133  0.238133
 0.258108  0.258108  0.258108  0.258108  0.258108  0.258108  0.258108  0.258108  0.258108  0.258108  0.258108  0.258108  0.258108  0.258108  0.258108  0.258108  0.258108  0.258108  0.258108  0.258108  0.258108  0.258108  0.258108  0.258108  0.258108  0.258108  0.258108  0.258108  0.258108  0.258108  0.258108  0.258108  0.258108  0.258108  0.258108  0.258108  0.258108  0.258108  0.258108  0.258108  0.258108  0.258108  0.258108  0.258108  0.258108  0.258108  0.258108  0.258108  0.258108  0.258108
 0.278112  0.278112  0.278112  0.278112  0.278112  0.278112  0.278112  0.278112  0.278112  0.278112  0.278112  0.278112  0.278112  0.278112  0.278112  0.278112  0.278112  0.278112  0.278112  0.278112  0.278112  0.278112  0.278112  0.278112  0.278112  0.278112  0.278112  0.278112  0.278112  0.278112  0.278112  0.278112  0.278112  0.278112  0.278112  0.278112  0.278112  0.278112  0.278112  0.278112  0.278112  0.278112  0.278112  0.278112  0.278112  0.278112  0.278112  0.278112  0.278112  0.278112
 0.298147  0.298147  0.298147  0.298147  0.298147  0.298147  0.298147  0.298147  0.298147  0.298147  0.298147  0.298147  0.298147  0.298147  0.298147  0.298147  0.298147  0.298147  0.298147  0.298147  0.298147  0.298147  0.298147  0.298147  0.298147  0.298147  0.298147  0.298147  0.298147  0.298147  0.298147  0.298147  0.298147  0.298147  0.298147  0.298147  0.298147  0.298147  0.298147  0.298147  0.298147  0.298147  0.298147  0.298147  0.298147  0.298147  0.298147  0.298147  0.298147  0.298147
 0.318215  0.318215  0.318215  0.318215  0.318215  0.318215  0.318215  0.318215  0.318215  0.318215  0.318215  0.318215  0.318215  0.318215  0.318215  0.318215  0.318215  0.318215  0.318215  0.318215  0.318215  0.318215  0.318215  0.318215  0.318215  0.318215  0.318215  0.318215  0.318215  0.318215  0.318215  0.318215  0.318215  0.318215  0.318215  0.318215  0.318215  0.318215  0.318215  0.318215  0.318215  0.318215  0.318215  0.318215  0.318215  0.318215  0.318215  0.318215  0.318215  0.318215
 0.338317  0.338317  0.338317  0.338317  0.338317  0.338317  0.338317  0.338317  0.338317  0.338317  0.338317  0.338317  0.338317  0.338317  0.338317  0.338317  0.338317  0.338317  0.338317  0.338317  0.338317  0.338317  0.338317  0.338317  0.338317  0.338317  0.338317  0.338317  0.338317  0.338317  0.338317  0.338317  0.338317  0.338317  0.338317  0.338317  0.338317  0.338317  0.338317  0.338317  0.338317  0.338317  0.338317  0.338317  0.338317  0.338317  0.338317  0.338317  0.338317  0.338317
 0.358455  0.358455  0.358455  0.358455  0.358455  0.358455  0.358455  0.358455  0.358455  0.358455  0.358455  0.358455  0.358455  0.358455  0.358455  0.358455  0.358455  0.358455  0.358455  0.358455  0.358455  0.358455  0.358455  0.358455  0.358455  0.358455  0.358455  0.358455  0.358455  0.358455  0.358455  0.358455  0.358455  0.358455  0.358455  0.358455  0.358455  0.358455  0.358455  0.358455  0.358455  0.358455  0.358455  0.358455  0.358455  0.358455  0.358455  0.358455  0.358455  0.358455
 0.378629  0.378629  0.378629  0.378629  0.378629  0.378629  0.378629  0.378629  0.378629  0.378629  0.378629  0.378629  0.378629  0.378629  0.378629  0.378629  0.378629  0.378629  0.378629  0.378629  0.378629  0.378629  0.378629  0.378629  0.378629  0.378629  0.378629  0.378629  0.378629  0.378629  0.378629  0.378629  0.378629  0.378629  0.378629  0.378629  0.378629  0.378629  0.378629  0.378629  0.378629  0.378629  0.378629  0.378629  0.378629  0.378629  0.378629  0.378629  0.378629  0.378629
 0.398841  0.398841  0.398841  0.398841  0.398841  0.398841  0.398841  0.398841  0.398841  0.398841  0.398841  0.398841  0.398841  0.398841  0.398841  0.398841  0.398841  0.398841  0.398841  0.398841  0.398841  0.398841  0.398841  0.398841  0.398841  0.398841  0.398841  0.398841  0.398841  0.398841  0.398841  0.398841  0.398841  0.398841  0.398841  0.398841  0.398841  0.398841  0.398841  0.398841  0.398841  0.398841  0.398841  0.398841  0.398841  0.398841  0.398841  0.398841  0.398841  0.398841
 0.419091  0.419091  0.419091  0.419091  0.419091  0.419091  0.419091  0.419091  0.419091  0.419091  0.419091  0.419091  0.419091  0.419091  0.419091  0.419091  0.419091  0.419091  0.419091  0.419091  0.419091  0.419091  0.419091  0.419091  0.419091  0.419091  0.419091  0.419091  0.419091  0.419091  0.419091  0.419091  0.419091  0.419091  0.419091  0.419091  0.419091  0.419091  0.419091  0.419091  0.419091  0.419091  0.419091  0.419091  0.419091  0.419091  0.419091  0.419091  0.419091  0.419091
  0.43938   0.43938   0.43938   0.43938   0.43938   0.43938   0.43938   0.43938   0.43938   0.43938   0.43938   0.43938   0.43938   0.43938   0.43938   0.43938   0.43938   0.43938   0.43938   0.43938   0.43938   0.43938   0.43938   0.43938   0.43938   0.43938   0.43938   0.43938   0.43938   0.43938   0.43938   0.43938   0.43938   0.43938   0.43938   0.43938   0.43938   0.43938   0.43938   0.43938   0.43938   0.43938   0.43938   0.43938   0.43938   0.43938   0.43938   0.43938   0.43938   0.43938
 0.459709  0.459709  0.459709  0.459709  0.459709  0.459709  0.459709  0.459709  0.459709  0.459709  0.459709  0.459709  0.459709  0.459709  0.459709  0.459709  0.459709  0.459709  0.459709  0.459709  0.459709  0.459709  0.459709  0.459709  0.459709  0.459709  0.459709  0.459709  0.459709  0.459709  0.459709  0.459709  0.459709  0.459709  0.459709  0.459709  0.459709  0.459709  0.459709  0.459709  0.459709  0.459709  0.459709  0.459709  0.459709  0.459709  0.459709  0.459709  0.459709  0.459709
 0.480077  0.480077  0.480077  0.480077  0.480077  0.480077  0.480077  0.480077  0.480077  0.480077  0.480077  0.480077  0.480077  0.480077  0.480077  0.480077  0.480077  0.480077  0.480077  0.480077  0.480077  0.480077  0.480077  0.480077  0.480077  0.480077  0.480077  0.480077  0.480077  0.480077  0.480077  0.480077  0.480077  0.480077  0.480077  0.480077  0.480077  0.480077  0.480077  0.480077  0.480077  0.480077  0.480077  0.480077  0.480077  0.480077  0.480077  0.480077  0.480077  0.480077
 0.500485  0.500485  0.500485  0.500485  0.500485  0.500485  0.500485  0.500485  0.500485  0.500485  0.500485  0.500485  0.500485  0.500485  0.500485  0.500485  0.500485  0.500485  0.500485  0.500485  0.500485  0.500485  0.500485  0.500485  0.500485  0.500485  0.500485  0.500485  0.500485  0.500485  0.500485  0.500485  0.500485  0.500485  0.500485  0.500485  0.500485  0.500485  0.500485  0.500485  0.500485  0.500485  0.500485  0.500485  0.500485  0.500485  0.500485  0.500485  0.500485  0.500485
 0.520933  0.520933  0.520933  0.520933  0.520933  0.520933  0.520933  0.520933  0.520933  0.520933  0.520933  0.520933  0.520933  0.520933  0.520933  0.520933  0.520933  0.520933  0.520933  0.520933  0.520933  0.520933  0.520933  0.520933  0.520933  0.520933  0.520933  0.520933  0.520933  0.520933  0.520933  0.520933  0.520933  0.520933  0.520933  0.520933  0.520933  0.520933  0.520933  0.520933  0.520933  0.520933  0.520933  0.520933  0.520933  0.520933  0.520933  0.520933  0.520933  0.520933
 0.541421  0.541421  0.541421  0.541421  0.541421  0.541421  0.541421  0.541421  0.541421  0.541421  0.541421  0.541421  0.541421  0.541421  0.541421  0.541421  0.541421  0.541421  0.541421  0.541421  0.541421  0.541421  0.541421  0.541421  0.541421  0.541421  0.541421  0.541421  0.541421  0.541421  0.541421  0.541421  0.541421  0.541421  0.541421  0.541421  0.541421  0.541421  0.541421  0.541421  0.541421  0.541421  0.541421  0.541421  0.541421  0.541421  0.541421  0.541421  0.541421  0.541421
 0.561948  0.561948  0.561948  0.561948  0.561948  0.561948  0.561948  0.561948  0.561948  0.561948  0.561948  0.561948  0.561948  0.561948  0.561948  0.561948  0.561948  0.561948  0.561948  0.561948  0.561948  0.561948  0.561948  0.561948  0.561948  0.561948  0.561948  0.561948  0.561948  0.561948  0.561948  0.561948  0.561948  0.561948  0.561948  0.561948  0.561948  0.561948  0.561948  0.561948  0.561948  0.561948  0.561948  0.561948  0.561948  0.561948  0.561948  0.561948  0.561948  0.561948
 0.582515  0.582515  0.582515  0.582515  0.582515  0.582515  0.582515  0.582515  0.582515  0.582515  0.582515  0.582515  0.582515  0.582515  0.582515  0.582515  0.582515  0.582515  0.582515  0.582515  0.582515  0.582515  0.582515  0.582515  0.582515  0.582515  0.582515  0.582515  0.582515  0.582515  0.582515  0.582515  0.582515  0.582515  0.582515  0.582515  0.582515  0.582515  0.582515  0.582515  0.582515  0.582515  0.582515  0.582515  0.582515  0.582515  0.582515  0.582515  0.582515  0.582515
 0.603119  0.603119  0.603119  0.603119  0.603119  0.603119  0.603119  0.603119  0.603119  0.603119  0.603119  0.603119  0.603119  0.603119  0.603119  0.603119  0.603119  0.603119  0.603119  0.603119  0.603119  0.603119  0.603119  0.603119  0.603119  0.603119  0.603119  0.603119  0.603119  0.603119  0.603119  0.603119  0.603119  0.603119  0.603119  0.603119  0.603119  0.603119  0.603119  0.603119  0.603119  0.603119  0.603119  0.603119  0.603119  0.603119  0.603119  0.603119  0.603119  0.603119
 0.623761  0.623761  0.623761  0.623761  0.623761  0.623761  0.623761  0.623761  0.623761  0.623761  0.623761  0.623761  0.623761  0.623761  0.623761  0.623761  0.623761  0.623761  0.623761  0.623761  0.623761  0.623761  0.623761  0.623761  0.623761  0.623761  0.623761  0.623761  0.623761  0.623761  0.623761  0.623761  0.623761  0.623761  0.623761  0.623761  0.623761  0.623761  0.623761  0.623761  0.623761  0.623761  0.623761  0.623761  0.623761  0.623761  0.623761  0.623761  0.623761  0.623761
  0.64444   0.64444   0.64444   0.64444   0.64444   0.64444   0.64444   0.64444   0.64444   0.64444   0.64444   0.64444   0.64444   0.64444   0.64444   0.64444   0.64444   0.64444   0.64444   0.64444   0.64444   0.64444   0.64444   0.64444   0.64444   0.64444   0.64444   0.64444   0.64444   0.64444   0.64444   0.64444   0.64444   0.64444   0.64444   0.64444   0.64444   0.64444   0.64444   0.64444   0.64444   0.64444   0.64444   0.64444   0.64444   0.64444   0.64444   0.64444   0.64444   0.64444
 0.665154  0.665154  0.665154  0.665154  0.665154  0.665154  0.665154  0.665154  0.665154  0.665154  0.665154  0.665154  0.665154  0.665154  0.665154  0.665154  0.665154  0.665154  0.665154  0.665154  0.665154  0.665154  0.665154  0.665154  0.665154  0.665154  0.665154  0.665154  0.665154  0.665154  0.665154  0.665154  0.665154  0.665154  0.665154  0.665154  0.665154  0.665154  0.665154  0.665154  0.665154  0.665154  0.665154  0.665154  0.665154  0.665154  0.665154  0.665154  0.665154  0.665154
 0.685902  0.685902  0.685902  0.685902  0.685902  0.685902  0.685902  0.685902  0.685902  0.685902  0.685902  0.685902  0.685902  0.685902  0.685902  0.685902  0.685902  0.685902  0.685902  0.685902  0.685902  0.685902  0.685902  0.685902  0.685902  0.685902  0.685902  0.685902  0.685902  0.685902  0.685902  0.685902  0.685902  0.685902  0.685902  0.685902  0.685902  0.685902  0.685902  0.685902  0.685902  0.685902  0.685902  0.685902  0.685902  0.685902  0.685902  0.685902  0.685902  0.685902
 0.706683  0.706683  0.706683  0.706683  0.706683  0.706683  0.706683  0.706683  0.706683  0.706683  0.706683  0.706683  0.706683  0.706683  0.706683  0.706683  0.706683  0.706683  0.706683  0.706683  0.706683  0.706683  0.706683  0.706683  0.706683  0.706683  0.706683  0.706683  0.706683  0.706683  0.706683  0.706683  0.706683  0.706683  0.706683  0.706683  0.706683  0.706683  0.706683  0.706683  0.706683  0.706683  0.706683  0.706683  0.706683  0.706683  0.706683  0.706683  0.706683  0.706683
 0.727495  0.727495  0.727495  0.727495  0.727495  0.727495  0.727495  0.727495  0.727495  0.727495  0.727495  0.727495  0.727495  0.727495  0.727495  0.727495  0.727495  0.727495  0.727495  0.727495  0.727495  0.727495  0.727495  0.727495  0.727495  0.727495  0.727495  0.727495  0.727495  0.727495  0.727495  0.727495  0.727495  0.727495  0.727495  0.727495  0.727495  0.727495  0.727495  0.727495  0.727495  0.727495  0.727495  0.727495  0.727495  0.727495  0.727495  0.727495  0.727495  0.727495
 0.748337  0.748337  0.748337  0.748337  0.748337  0.748337  0.748337  0.748337  0.748337  0.748337  0.748337  0.748337  0.748337  0.748337  0.748337  0.748337  0.748337  0.748337  0.748337  0.748337  0.748337  0.748337  0.748337  0.748337  0.748337  0.748337  0.748337  0.748337  0.748337  0.748337  0.748337  0.748337  0.748337  0.748337  0.748337  0.748337  0.748337  0.748337  0.748337  0.748337  0.748337  0.748337  0.748337  0.748337  0.748337  0.748337  0.748337  0.748337  0.748337  0.748337
 0.769207  0.769207  0.769207  0.769207  0.769207  0.769207  0.769207  0.769207  0.769207  0.769207  0.769207  0.769207  0.769207  0.769207  0.769207  0.769207  0.769207  0.769207  0.769207  0.769207  0.769207  0.769207  0.769207  0.769207  0.769207  0.769207  0.769207  0.769207  0.769207  0.769207  0.769207  0.769207  0.769207  0.769207  0.769207  0.769207  0.769207  0.769207  0.769207  0.769207  0.769207  0.769207  0.769207  0.769207  0.769207  0.769207  0.769207  0.769207  0.769207  0.769207
 0.790102  0.790102  0.790102  0.790102  0.790102  0.790102  0.790102  0.790102  0.790102  0.790102  0.790102  0.790102  0.790102  0.790102  0.790102  0.790102  0.790102  0.790102  0.790102  0.790102  0.790102  0.790102  0.790102  0.790102  0.790102  0.790102  0.790102  0.790102  0.790102  0.790102  0.790102  0.790102  0.790102  0.790102  0.790102  0.790102  0.790102  0.790102  0.790102  0.790102  0.790102  0.790102  0.790102  0.790102  0.790102  0.790102  0.790102  0.790102  0.790102  0.790102
 0.811022  0.811022  0.811022  0.811022  0.811022  0.811022  0.811022  0.811022  0.811022  0.811022  0.811022  0.811022  0.811022  0.811022  0.811022  0.811022  0.811022  0.811022  0.811022  0.811022  0.811022  0.811022  0.811022  0.811022  0.811022  0.811022  0.811022  0.811022  0.811022  0.811022  0.811022  0.811022  0.811022  0.811022  0.811022  0.811022  0.811022  0.811022  0.811022  0.811022  0.811022  0.811022  0.811022  0.811022  0.811022  0.811022  0.811022  0.811022  0.811022  0.811022
 0.831963  0.831963  0.831963  0.831963  0.831963  0.831963  0.831963  0.831963  0.831963  0.831963  0.831963  0.831963  0.831963  0.831963  0.831963  0.831963  0.831963  0.831963  0.831963  0.831963  0.831963  0.831963  0.831963  0.831963  0.831963  0.831963  0.831963  0.831963  0.831963  0.831963  0.831963  0.831963  0.831963  0.831963  0.831963  0.831963  0.831963  0.831963  0.831963  0.831963  0.831963  0.831963  0.831963  0.831963  0.831963  0.831963  0.831963  0.831963  0.831963  0.831963
 0.852924  0.852924  0.852924  0.852924  0.852924  0.852924  0.852924  0.852924  0.852924  0.852924  0.852924  0.852924  0.852924  0.852924  0.852924  0.852924  0.852924  0.852924  0.852924  0.852924  0.852924  0.852924  0.852924  0.852924  0.852924  0.852924  0.852924  0.852924  0.852924  0.852924  0.852924  0.852924  0.852924  0.852924  0.852924  0.852924  0.852924  0.852924  0.852924  0.852924  0.852924  0.852924  0.852924  0.852924  0.852924  0.852924  0.852924  0.852924  0.852924  0.852924
 0.873902  0.873902  0.873902  0.873902  0.873902  0.873902  0.873902  0.873902  0.873902  0.873902  0.873902  0.873902  0.873902  0.873902  0.873902  0.873902  0.873902  0.873902  0.873902  0.873902  0.873902  0.873902  0.873902  0.873902  0.873902  0.873902  0.873902  0.873902  0.873902  0.873902  0.873902  0.873902  0.873902  0.873902  0.873902  0.873902  0.873902  0.873902  0.873902  0.873902  0.873902  0.873902  0.873902  0.873902  0.873902  0.873902  0.873902  0.873902  0.873902  0.873902
 0.894895  0.894895  0.894895  0.894895  0.894895  0.894895  0.894895  0.894895  0.894895  0.894895  0.894895  0.894895  0.894895  0.894895  0.894895  0.894895  0.894895  0.894895  0.894895  0.894895  0.894895  0.894895  0.894895  0.894895  0.894895  0.894895  0.894895  0.894895  0.894895  0.894895  0.894895  0.894895  0.894895  0.894895  0.894895  0.894895  0.894895  0.894895  0.894895  0.894895  0.894895  0.894895  0.894895  0.894895  0.894895  0.894895  0.894895  0.894895  0.894895  0.894895
 0.915901  0.915901  0.915901  0.915901  0.915901  0.915901  0.915901  0.915901  0.915901  0.915901  0.915901  0.915901  0.915901  0.915901  0.915901  0.915901  0.915901  0.915901  0.915901  0.915901  0.915901  0.915901  0.915901  0.915901  0.915901  0.915901  0.915901  0.915901  0.915901  0.915901  0.915901  0.915901  0.915901  0.915901  0.915901  0.915901  0.915901  0.915901  0.915901  0.915901  0.915901  0.915901  0.915901  0.915901  0.915901  0.915901  0.915901  0.915901  0.915901  0.915901
 0.936917  0.936917  0.936917  0.936917  0.936917  0.936917  0.936917  0.936917  0.936917  0.936917  0.936917  0.936917  0.936917  0.936917  0.936917  0.936917  0.936917  0.936917  0.936917  0.936917  0.936917  0.936917  0.936917  0.936917  0.936917  0.936917  0.936917  0.936917  0.936917  0.936917  0.936917  0.936917  0.936917  0.936917  0.936917  0.936917  0.936917  0.936917  0.936917  0.936917  0.936917  0.936917  0.936917  0.936917  0.936917  0.936917  0.936917  0.936917  0.936917  0.936917
  0.95794   0.95794   0.95794   0.95794   0.95794   0.95794   0.95794   0.95794   0.95794   0.95794   0.95794   0.95794   0.95794   0.95794   0.95794   0.95794   0.95794   0.95794   0.95794   0.95794   0.95794   0.95794   0.95794   0.95794   0.95794   0.95794   0.95794   0.95794   0.95794   0.95794   0.95794   0.95794   0.95794   0.95794   0.95794   0.95794   0.95794   0.95794   0.95794   0.95794   0.95794   0.95794   0.95794   0.95794   0.95794   0.95794   0.95794   0.95794   0.95794   0.95794
 0.978969  0.978969  0.978969  0.978969  0.978969  0.978969  0.978969  0.978969  0.978969  0.978969  0.978969  0.978969  0.978969  0.978969  0.978969  0.978969  0.978969  0.978969  0.978969  0.978969  0.978969  0.978969  0.978969  0.978969  0.978969  0.978969  0.978969  0.978969  0.978969  0.978969  0.978969  0.978969  0.978969  0.978969  0.978969  0.978969  0.978969  0.978969  0.978969  0.978969  0.978969  0.978969  0.978969  0.978969  0.978969  0.978969  0.978969  0.978969  0.978969  0.978969
        1         1         1         1         1         1         1         1         1         1         1         1         1         1         1         1         1         1         1         1         1         1         1         1         1         1         1         1         1         1         1         1         1         1         1         1         1         1         1         1         1         1         1         1         1         1         1         1         1         1
